29.1493 0.035 
32.8917 0.070 
32.8077 0.081 
32.6674 0.059 
34.4927 0.095 
32.5067 0.045 
31.2958 0.045 
31.2770 0.033 
31.4527 0.046 
31.4530 0.051 
32.0024 0.050 
32.6619 0.103 
32.4061 0.091 
33.1204 0.079 
32.3973 0.049 
32.1475 0.043 
31.9496 0.031 
32.7761 0.059 
31.7006 0.062 
31.6454 0.054 
31.6383 0.067 
30.8085 0.095 
30.8243 0.045 
31.7642 0.065 
32.5307 0.136 
33.1650 0.043 
31.8892 0.040 
30.5088 0.039 
32.9171 0.090 
32.1900 0.064 
32.3208 0.065 
31.6250 0.086 
33.2759 0.069 
32.5753 0.071 
33.2818 0.073 
33.5518 0.073 
32.8407 0.048 
-0.0152121 0.022 
-5.89656 0.018 
0.00855839 0.019 
24.3716 0.069 
-0.0195727 0.015 
-19.2381 0.027 
-0.206157 0.044 
0.00000 0.000 
-0.0651848 0.010 
9.32599 0.028 
