      14445.0   0.00417000
      14446.0   0.00416897
      14447.0   0.00416793
      14448.0   0.00416690
      14449.0   0.00416590
      14450.0   0.00416513
      14451.0   0.00416435
      14452.0   0.00416358
      14453.0   0.00527082
      14454.0   0.00527005
      14455.0   0.00526927
      14456.0   0.00526850
      14457.0   0.00526763
      14458.0   0.00526659
      14459.0   0.00526556
      14460.0   0.00526453
      14461.0   0.00526349
      14462.0   0.00526246
      14463.0   0.00526143
      14464.0   0.00526040
      14465.0   0.00525953
      14466.0   0.00525875
      14467.0   0.00525798
      14468.0   0.00525720
      14469.0   0.00525624
      14470.0   0.00525520
      14471.0   0.00525417
      14472.0   0.00525313
      14473.0   0.00525210
      14474.0   0.00525107
      14475.0   0.00525004
      14476.0   0.00524901
      14477.0   0.00635700
      14478.0   0.00635596
      14479.0   0.00635493
      14480.0   0.00635392
      14481.0   0.00635315
      14482.0   0.00635237
      14483.0   0.00635160
      14484.0   0.00745878
      14485.0   0.00745775
      14486.0   0.00745672
      14487.0   0.00745568
      14488.0   0.00745474
      14489.0   0.00745396
      14490.0   0.00745319
      14491.0   0.00745242
      14492.0   0.00745152
      14493.0   0.00745049
      14494.0   0.00744946
      14495.0   0.00744842
      14496.0   0.00855641
      14497.0   0.00855538
      14498.0   0.00855434
      14499.0   0.00855331
      14500.0   0.00855228
      14501.0   0.00855125
      14502.0   0.00855022
      14503.0   0.00854919
      14504.0   0.00965717
      14505.0   0.00965613
      14506.0   0.00965510
      14507.0   0.00965407
      14508.0   0.00965328
      14509.0   0.00965250
      14510.0   0.00965173
      14511.0    0.0107590
      14512.0    0.0107582
      14513.0    0.0107574
      14514.0    0.0107566
      14515.0    0.0118639
      14516.0    0.0118631
      14517.0    0.0118623
      14518.0    0.0118616
      14519.0    0.0118607
      14520.0    0.0118597
      14521.0    0.0118586
      14522.0    0.0118576
      14523.0    0.0129656
      14524.0    0.0129646
      14525.0    0.0129635
      14526.0    0.0129625
      14527.0    0.0129615
      14528.0    0.0129604
      14529.0    0.0129594
      14530.0    0.0129584
      14531.0    0.0140664
      14532.0    0.0140653
      14533.0    0.0140643
      14534.0    0.0140633
      14535.0    0.0151712
      14536.0    0.0151702
      14537.0    0.0151692
      14538.0    0.0151681
      14539.0    0.0162761
      14540.0    0.0162751
      14541.0    0.0162741
      14542.0    0.0162730
      14543.0    0.0173810
      14544.0    0.0173800
      14545.0    0.0173790
      14546.0    0.0184869
      14547.0    0.0184859
      14548.0    0.0184849
      14549.0    0.0184838
      14550.0    0.0195918
      14551.0    0.0195908
      14552.0    0.0195898
      14553.0    0.0195887
      14554.0    0.0195877
      14555.0    0.0195867
      14556.0    0.0195856
      14557.0    0.0195846
      14558.0    0.0218007
      14559.0    0.0217999
      14560.0    0.0217992
      14561.0    0.0217984
      14562.0    0.0229056
      14563.0    0.0229048
      14564.0    0.0229041
      14565.0    0.0229033
      14566.0    0.0251194
      14567.0    0.0251184
      14568.0    0.0251173
      14569.0    0.0251163
      14570.0    0.0262243
      14571.0    0.0262233
      14572.0    0.0262222
      14573.0    0.0262212
      14574.0    0.0273292
      14575.0    0.0273281
      14576.0    0.0273271
      14577.0    0.0273261
      14578.0    0.0295423
      14579.0    0.0295415
      14580.0    0.0295408
      14581.0    0.0306480
      14582.0    0.0309321
      14583.0    0.0312162
      14584.0    0.0315003
      14585.0    0.0328619
      14586.0    0.0328609
      14587.0    0.0328598
      14588.0    0.0328588
      14589.0    0.0361839
      14590.0    0.0361831
      14591.0    0.0361823
      14592.0    0.0361815
      14593.0    0.0383977
      14594.0    0.0383967
      14595.0    0.0383957
      14596.0    0.0383946
      14597.0    0.0406107
      14598.0    0.0406099
      14599.0    0.0406092
      14600.0    0.0406084
      14601.0    0.0428245
      14602.0    0.0428235
      14603.0    0.0428225
      14604.0    0.0428214
      14605.0    0.0461465
      14606.0    0.0461454
      14607.0    0.0461444
      14608.0    0.0461434
      14609.0    0.0494685
      14610.0    0.0494678
      14611.0    0.0494670
      14612.0    0.0494662
      14613.0    0.0516823
      14614.0    0.0516813
      14615.0    0.0516802
      14616.0    0.0516792
      14617.0    0.0538962
      14618.0    0.0538952
      14619.0    0.0538941
      14620.0    0.0538931
      14621.0    0.0572181
      14622.0    0.0572171
      14623.0    0.0572161
      14624.0    0.0572150
      14625.0    0.0616491
      14626.0    0.0616480
      14627.0    0.0616470
      14628.0    0.0643198
      14629.0    0.0660792
      14630.0    0.0660785
      14631.0    0.0660777
      14632.0    0.0716200
      14633.0    0.0716190
      14634.0    0.0716179
      14635.0    0.0716169
      14636.0    0.0771590
      14637.0    0.0771582
      14638.0    0.0771574
      14639.0    0.0771566
      14640.0    0.0815899
      14641.0    0.0815891
      14642.0    0.0815884
      14643.0    0.0815876
      14644.0    0.0849119
      14645.0    0.0849111
      14646.0    0.0849103
      14647.0    0.0849095
      14648.0    0.0882347
      14649.0    0.0882337
      14650.0    0.0882327
      14651.0    0.0882316
      14652.0    0.0959908
      14653.0    0.0959900
      14654.0    0.0959892
      14655.0    0.0959885
      14656.0    0.0993136
      14657.0    0.0993126
      14658.0    0.0993116
      14659.0    0.0993106
      14660.0     0.105962
      14661.0     0.105961
      14662.0     0.105960
      14663.0     0.105959
      14664.0     0.114827
      14665.0     0.114826
      14666.0     0.114825
      14667.0     0.114824
      14668.0     0.122584
      14669.0     0.122583
      14670.0     0.122582
      14671.0     0.122581
      14672.0     0.125906
      14673.0     0.125905
      14674.0     0.125903
      14675.0     0.125902
      14676.0     0.129227
      14677.0     0.129226
      14678.0     0.129225
      14679.0     0.129224
      14680.0     0.135876
      14681.0     0.135875
      14682.0     0.135874
      14683.0     0.135873
      14684.0     0.142524
      14685.0     0.142523
      14686.0     0.142522
      14687.0     0.142521
      14688.0     0.151389
      14689.0     0.151388
      14690.0     0.151387
      14691.0     0.151386
      14692.0     0.159146
      14693.0     0.159145
      14694.0     0.159144
      14695.0     0.159143
      14696.0     0.165794
      14697.0     0.165793
      14698.0     0.165792
      14699.0     0.165791
      14700.0     0.173551
      14701.0     0.173550
      14702.0     0.173549
      14703.0     0.173548
      14704.0     0.177982
      14705.0     0.177981
      14706.0     0.177980
      14707.0     0.177979
      14708.0     0.182412
      14709.0     0.182411
      14710.0     0.182410
      14711.0     0.182409
      14712.0     0.189060
      14713.0     0.189060
      14714.0     0.189059
      14715.0     0.189058
      14716.0     0.197925
      14717.0     0.197925
      14718.0     0.197924
      14719.0     0.197923
      14720.0     0.203465
      14721.0     0.203464
      14722.0     0.203463
      14723.0     0.203462
      14724.0     0.211222
      14725.0     0.211221
      14726.0     0.211220
      14727.0     0.211219
      14728.0     0.218979
      14729.0     0.218978
      14730.0     0.218977
      14731.0     0.218976
      14732.0     0.225627
      14733.0     0.225626
      14734.0     0.225625
      14735.0     0.225624
      14736.0     0.232275
      14737.0     0.232274
      14738.0     0.232273
      14739.0     0.232272
      14740.0     0.237814
      14741.0     0.237814
      14742.0     0.237813
      14743.0     0.237812
      14744.0     0.242245
      14745.0     0.242244
      14746.0     0.242243
      14747.0     0.244067
      14748.0     0.250002
      14749.0     0.250001
      14750.0     0.250000
      14751.0     0.252095
      14752.0     0.255541
      14753.0     0.255540
      14754.0     0.255540
      14755.0     0.260406
      14756.0     0.262189
      14757.0     0.262188
      14758.0     0.262188
      14759.0     0.268244
      14760.0     0.271055
      14761.0     0.271054
      14762.0     0.271053
      14763.0     0.275487
      14764.0     0.275486
      14765.0     0.275485
      14766.0     0.275484
      14767.0     0.281026
      14768.0     0.281025
      14769.0     0.281024
      14770.0     0.281023
      14771.0     0.286565
      14772.0     0.286564
      14773.0     0.286563
      14774.0     0.286563
      14775.0     0.295431
      14776.0     0.295430
      14777.0     0.295429
      14778.0     0.295428
      14779.0     0.303188
      14780.0     0.303187
      14781.0     0.303186
      14782.0     0.303185
      14783.0     0.307618
      14784.0     0.307617
      14785.0     0.307616
      14786.0     0.307616
      14787.0     0.318701
      14788.0     0.318700
      14789.0     0.318699
      14790.0     0.318698
      14791.0     0.324241
      14792.0     0.324240
      14793.0     0.324239
      14794.0     0.324238
      14795.0     0.329780
      14796.0     0.329779
      14797.0     0.329778
      14798.0     0.329777
      14799.0     0.335319
      14800.0     0.335318
      14801.0     0.335317
      14802.0     0.335317
      14803.0     0.341968
      14804.0     0.341967
      14805.0     0.341966
      14806.0     0.341965
      14807.0     0.351942
      14808.0     0.351941
      14809.0     0.351940
      14810.0     0.351939
      14811.0     0.360807
      14812.0     0.360806
      14813.0     0.360805
      14814.0     0.360804
      14815.0     0.370781
      14816.0     0.370780
      14817.0     0.370779
      14818.0     0.370778
      14819.0     0.382972
      14820.0     0.382971
      14821.0     0.382970
      14822.0     0.382970
      14823.0     0.391838
      14824.0     0.391837
      14825.0     0.391836
      14826.0     0.391835
      14827.0     0.399594
      14828.0     0.399593
      14829.0     0.399592
      14830.0     0.399592
      14831.0     0.402917
      14832.0     0.402916
      14833.0     0.402915
      14834.0     0.402914
      14835.0     0.406239
      14836.0     0.406238
      14837.0     0.406237
      14838.0     0.406236
      14839.0     0.420647
      14840.0     0.420646
      14841.0     0.420645
      14842.0     0.420645
      14843.0     0.431730
      14844.0     0.431729
      14845.0     0.431728
      14846.0     0.431727
      14847.0     0.445030
      14848.0     0.445029
      14849.0     0.445028
      14850.0     0.445027
      14851.0     0.455282
      14852.0     0.459437
      14853.0     0.459436
      14854.0     0.459436
      14855.0     0.463977
      14856.0     0.469411
      14857.0     0.469411
      14858.0     0.469410
      14859.0     0.472082
      14860.0     0.477168
      14861.0     0.477167
      14862.0     0.477166
      14863.0     0.479752
      14864.0     0.484925
      14865.0     0.484924
      14866.0     0.484923
      14867.0     0.488140
      14868.0     0.493790
      14869.0     0.493789
      14870.0     0.493788
      14871.0     0.496399
      14872.0     0.505981
      14873.0     0.505981
      14874.0     0.505980
      14875.0     0.505979
      14876.0     0.521499
      14877.0     0.521498
      14878.0     0.521497
      14879.0     0.521496
      14880.0     0.538125
      14881.0     0.538124
      14882.0     0.538123
      14883.0     0.538122
      14884.0     0.550316
      14885.0     0.550315
      14886.0     0.550314
      14887.0     0.550313
      14888.0     0.560290
      14889.0     0.560289
      14890.0     0.560288
      14891.0     0.560287
      14892.0     0.570265
      14893.0     0.570263
      14894.0     0.570262
      14895.0     0.570261
      14896.0     0.585782
      14897.0     0.585781
      14898.0     0.585780
      14899.0     0.585779
      14900.0     0.595756
      14901.0     0.595755
      14902.0     0.595754
      14903.0     0.595753
      14904.0     0.611273
      14905.0     0.611272
      14906.0     0.611271
      14907.0     0.611270
      14908.0     0.625682
      14909.0     0.625681
      14910.0     0.625680
      14911.0     0.625679
      14912.0     0.637873
      14913.0     0.637872
      14914.0     0.637871
      14915.0     0.637870
      14916.0     0.646738
      14917.0     0.646737
      14918.0     0.646736
      14919.0     0.646735
      14920.0     0.657821
      14921.0     0.657820
      14922.0     0.657819
      14923.0     0.657818
      14924.0     0.666928
      14925.0     0.670011
      14926.0     0.670010
      14927.0     0.670009
      14928.0     0.675136
      14929.0     0.682202
      14930.0     0.682202
      14931.0     0.682201
      14932.0     0.682837
      14933.0     0.693285
      14934.0     0.693284
      14935.0     0.693283
      14936.0     0.693282
      14937.0     0.704368
      14938.0     0.704367
      14939.0     0.704366
      14940.0     0.704365
      14941.0     0.716559
      14942.0     0.716558
      14943.0     0.716557
      14944.0     0.716556
      14945.0     0.727641
      14946.0     0.727641
      14947.0     0.727640
      14948.0     0.727639
      14949.0     0.737615
      14950.0     0.737615
      14951.0     0.737614
      14952.0     0.737613
      14953.0     0.745372
      14954.0     0.745372
      14955.0     0.745371
      14956.0     0.745370
      14957.0     0.752020
      14958.0     0.752020
      14959.0     0.752019
      14960.0     0.752018
      14961.0     0.760886
      14962.0     0.760885
      14963.0     0.760884
      14964.0     0.760883
      14965.0     0.770860
      14966.0     0.770859
      14967.0     0.770858
      14968.0     0.770857
      14969.0     0.780834
      14970.0     0.780833
      14971.0     0.780832
      14972.0     0.780831
      14973.0     0.793025
      14974.0     0.793024
      14975.0     0.793023
      14976.0     0.793022
      14977.0     0.800782
      14978.0     0.800781
      14979.0     0.800780
      14980.0     0.800779
      14981.0     0.806321
      14982.0     0.806320
      14983.0     0.806319
      14984.0     0.806318
      14985.0     0.810752
      14986.0     0.810751
      14987.0     0.810750
      14988.0     0.810749
      14989.0     0.811857
      14990.0     0.811856
      14991.0     0.811855
      14992.0     0.811854
      14993.0     0.817396
      14994.0     0.817396
      14995.0     0.817395
      14996.0     0.817394
      14997.0     0.822936
      14998.0     0.822935
      14999.0     0.822934
      15000.0     0.822933
      15001.0     0.832910
      15002.0     0.832909
      15003.0     0.832908
      15004.0     0.832907
      15005.0     0.841775
      15006.0     0.841775
      15007.0     0.841774
      15008.0     0.841773
      15009.0     0.846206
      15010.0     0.846205
      15011.0     0.846204
      15012.0     0.846203
      15013.0     0.850637
      15014.0     0.850636
      15015.0     0.850635
      15016.0     0.852851
      15017.0     0.852850
      15018.0     0.852849
      15019.0     0.852849
      15020.0     0.855065
      15021.0     0.855064
      15022.0     0.855063
      15023.0     0.855062
      15024.0     0.858387
      15025.0     0.858386
      15026.0     0.858385
      15027.0     0.858385
      15028.0     0.861710
      15029.0     0.861709
      15030.0     0.861708
      15031.0     0.861707
      15032.0     0.865032
      15033.0     0.865031
      15034.0     0.865030
      15035.0     0.865029
      15036.0     0.869463
      15037.0     0.869462
      15038.0     0.869461
      15039.0     0.869459
      15040.0     0.871676
      15041.0     0.871674
      15042.0     0.871673
      15043.0     0.871672
      15044.0     0.872780
      15045.0     0.872779
      15046.0     0.872778
      15047.0     0.872777
      15048.0     0.874994
      15049.0     0.874993
      15050.0     0.874992
      15051.0     0.874991
      15052.0     0.876099
      15053.0     0.876098
      15054.0     0.876097
      15055.0     0.876096
      15056.0     0.876095
      15057.0     0.876094
      15058.0     0.876093
      15059.0     0.877201
      15060.0     0.877200
      15061.0     0.877199
      15062.0     0.877198
      15063.0     0.878306
      15064.0     0.878305
      15065.0     0.878304
      15066.0     0.878303
      15067.0     0.880519
      15068.0     0.880518
      15069.0     0.880517
      15070.0     0.880516
      15071.0     0.881624
      15072.0     0.881623
      15073.0     0.881622
      15074.0     0.881621
      15075.0     0.882729
      15076.0     0.882728
      15077.0     0.882727
      15078.0     0.882726
      15079.0     0.882725
      15080.0     0.882724
      15081.0     0.882723
      15082.0     0.882722
      15083.0     0.882721
      15084.0     0.882720
      15085.0     0.882719
      15086.0     0.882718
      15087.0     0.883826
      15088.0     0.883825
      15089.0     0.883824
      15090.0     0.883823
      15091.0     0.884931
      15092.0     0.884930
      15093.0     0.884929
      15094.0     0.886037
      15095.0     0.886036
      15096.0     0.886035
      15097.0     0.886034
      15098.0     0.887142
      15099.0     0.887141
      15100.0     0.887140
      15101.0     0.887139
      15102.0     0.888247
      15103.0     0.888246
      15104.0     0.888245
      15105.0     0.888244
      15106.0     0.888243
      15107.0     0.888242
      15108.0     0.888241
      15109.0     0.888240
      15110.0     0.888239
      15111.0     0.888238
      15112.0     0.888237
      15113.0     0.888236
      15114.0     0.888235
      15115.0     0.888234
      15116.0     0.888233
      15117.0     0.888232
      15118.0     0.889340
      15119.0     0.889339
      15120.0     0.889338
      15121.0     0.889337
      15122.0     0.890445
      15123.0     0.890444
      15124.0     0.890443
      15125.0     0.890442
      15126.0     0.890441
      15127.0     0.890440
      15128.0     0.890439
      15129.0     0.891547
      15130.0     0.891546
      15131.0     0.891545
      15132.0     0.891544
      15133.0     0.891543
      15134.0     0.891542
      15135.0     0.891541
      15136.0     0.891540
      15137.0     0.891444
      15138.0     0.891156
      15139.0     0.890868
      15140.0     0.890580
      15141.0     0.890427
      15142.0     0.890426
      15143.0     0.890424
      15144.0     0.890423
      15145.0     0.890423
      15146.0     0.890422
      15147.0     0.890421
      15148.0     0.890420
      15149.0     0.890419
      15150.0     0.890418
      15151.0     0.890417
      15152.0     0.890416
      15153.0     0.890415
      15154.0     0.890414
      15155.0     0.890413
      15156.0     0.890412
      15157.0     0.892629
      15158.0     0.892628
      15159.0     0.892627
      15160.0     0.893735
      15161.0     0.893734
      15162.0     0.893733
      15163.0     0.893732
      15164.0     0.894840
      15165.0     0.894839
      15166.0     0.894838
      15167.0     0.894837
      15168.0     0.894752
      15169.0     0.894464
      15170.0     0.894176
      15171.0     0.893888
      15172.0     0.893724
      15173.0     0.893723
      15174.0     0.893721
      15175.0     0.893720
      15176.0     0.893559
      15177.0     0.893271
      15178.0     0.892982
      15179.0     0.892694
      15180.0     0.892607
      15181.0     0.892606
      15182.0     0.892605
      15183.0     0.892604
      15184.0     0.893712
      15185.0     0.893711
      15186.0     0.893710
      15187.0     0.893709
      15188.0     0.894817
      15189.0     0.894816
      15190.0     0.894815
      15191.0     0.895922
      15192.0     0.895921
      15193.0     0.895920
      15194.0     0.895920
      15195.0     0.895919
      15196.0     0.895918
      15197.0     0.895917
      15198.0     0.895916
      15199.0     0.898132
      15200.0     0.898131
      15201.0     0.898130
      15202.0     0.898129
      15203.0     0.897915
      15204.0     0.897336
      15205.0     0.896758
      15206.0     0.896180
      15207.0     0.895907
      15208.0     0.895906
      15209.0     0.895905
      15210.0     0.895904
      15211.0     0.895714
      15212.0     0.895426
      15213.0     0.895138
      15214.0     0.894850
      15215.0     0.894561
      15216.0     0.894272
      15217.0     0.893983
      15218.0     0.893693
      15219.0     0.893405
      15220.0     0.893117
      15221.0     0.892829
      15222.0     0.892541
      15223.0     0.892253
      15224.0     0.891965
      15225.0     0.891677
      15226.0     0.891388
      15227.0     0.891100
      15228.0     0.890811
      15229.0     0.890522
      15230.0     0.891137
      15231.0     0.890266
      15232.0     0.889394
      15233.0     0.888523
      15234.0     0.887966
      15235.0     0.887678
      15236.0     0.887390
      15237.0     0.887101
      15238.0     0.886813
      15239.0     0.886525
      15240.0     0.886237
      15241.0     0.885949
      15242.0     0.885896
      15243.0     0.885895
      15244.0     0.885894
      15245.0     0.885893
      15246.0     0.885343
      15247.0     0.884765
      15248.0     0.884187
      15249.0     0.883672
      15250.0     0.883671
      15251.0     0.883670
      15252.0     0.883670
      15253.0     0.883460
      15254.0     0.882591
      15255.0     0.881721
      15256.0     0.880852
      15257.0     0.880339
      15258.0     0.880338
      15259.0     0.880337
      15260.0     0.880335
      15261.0     0.880179
      15262.0     0.879891
      15263.0     0.879603
      15264.0     0.879315
      15265.0     0.879748
      15266.0     0.878876
      15267.0     0.878005
      15268.0     0.877133
      15269.0     0.877001
      15270.0     0.877000
      15271.0     0.876999
      15272.0     0.876998
      15273.0     0.876719
      15274.0     0.876430
      15275.0     0.876142
      15276.0     0.875822
      15277.0     0.875242
      15278.0     0.874662
      15279.0     0.874082
      15280.0     0.873665
      15281.0     0.873664
      15282.0     0.873663
      15283.0     0.873662
      15284.0     0.874326
      15285.0     0.873158
      15286.0     0.871990
      15287.0     0.870822
      15288.0     0.869996
      15289.0     0.869418
      15290.0     0.868840
      15291.0     0.868261
      15292.0     0.867898
      15293.0     0.867610
      15294.0     0.867322
      15295.0     0.867034
      15296.0     0.867973
      15297.0     0.866509
      15298.0     0.865045
      15299.0     0.863652
      15300.0     0.863364
      15301.0     0.863076
      15302.0     0.862787
      15303.0     0.862441
      15304.0     0.861861
      15305.0     0.861281
      15306.0     0.860701
      15307.0     0.860122
      15308.0     0.859544
      15309.0     0.858965
      15310.0     0.858387
      15311.0     0.859614
      15312.0     0.858151
      15313.0     0.856687
      15314.0     0.855224
      15315.0     0.854583
      15316.0     0.854294
      15317.0     0.854005
      15318.0     0.853716
      15319.0     0.853182
      15320.0     0.852603
      15321.0     0.852025
      15322.0     0.851449
      15323.0     0.851161
      15324.0     0.850873
      15325.0     0.850585
      15326.0     0.851257
      15327.0     0.849790
      15328.0     0.848323
      15329.0     0.846855
      15330.0     0.845800
      15331.0     0.845512
      15332.0     0.845224
      15333.0     0.844936
      15334.0     0.844648
      15335.0     0.844360
      15336.0     0.844072
      15337.0     0.843784
      15338.0     0.844063
      15339.0     0.842898
      15340.0     0.841733
      15341.0     0.840569
      15342.0     0.840114
      15343.0     0.839826
      15344.0     0.839538
      15345.0     0.839249
      15346.0     0.838407
      15347.0     0.837535
      15348.0     0.836663
      15349.0     0.835868
      15350.0     0.835580
      15351.0     0.835291
      15352.0     0.835003
      15353.0     0.835599
      15354.0     0.834434
      15355.0     0.833269
      15356.0     0.832105
      15357.0     0.831464
      15358.0     0.831463
      15359.0     0.831461
      15360.0     0.831460
      15361.0     0.831124
      15362.0     0.830546
      15363.0     0.829968
      15364.0     0.829389
      15365.0     0.829507
      15366.0     0.828339
      15367.0     0.827171
      15368.0     0.826003
      15369.0     0.825644
      15370.0     0.825356
      15371.0     0.825068
      15372.0     0.824763
      15373.0     0.824184
      15374.0     0.823606
      15375.0     0.823027
      15376.0     0.822384
      15377.0     0.821513
      15378.0     0.820641
      15379.0     0.819769
      15380.0     0.819131
      15381.0     0.818843
      15382.0     0.818555
      15383.0     0.818267
      15384.0     0.819605
      15385.0     0.818142
      15386.0     0.816678
      15387.0     0.815215
      15388.0     0.816218
      15389.0     0.815053
      15390.0     0.813889
      15391.0     0.812724
      15392.0     0.812330
      15393.0     0.812042
      15394.0     0.811754
      15395.0     0.811460
      15396.0     0.810881
      15397.0     0.810303
      15398.0     0.809724
      15399.0     0.809250
      15400.0     0.809249
      15401.0     0.809248
      15402.0     0.809248
      15403.0     0.809158
      15404.0     0.808869
      15405.0     0.808581
      15406.0     0.808293
      15407.0     0.808730
      15408.0     0.807565
      15409.0     0.806401
      15410.0     0.805236
      15411.0     0.804804
      15412.0     0.804803
      15413.0     0.804802
      15414.0     0.804801
      15415.0     0.805265
      15416.0     0.804393
      15417.0     0.803521
      15418.0     0.802650
      15419.0     0.802579
      15420.0     0.802579
      15421.0     0.802578
      15422.0     0.802563
      15423.0     0.802274
      15424.0     0.801986
      15425.0     0.801697
      15426.0     0.801464
      15427.0     0.801463
      15428.0     0.801462
      15429.0     0.801462
      15430.0     0.801371
      15431.0     0.801082
      15432.0     0.800793
      15433.0     0.800504
      15434.0     0.800215
      15435.0     0.799927
      15436.0     0.799639
      15437.0     0.799351
      15438.0     0.799235
      15439.0     0.799234
      15440.0     0.799233
      15441.0     0.799232
      15442.0     0.799022
      15443.0     0.798734
      15444.0     0.798445
      15445.0     0.798157
      15446.0     0.798119
      15447.0     0.798118
      15448.0     0.798117
      15449.0     0.798116
      15450.0     0.798370
      15451.0     0.797499
      15452.0     0.796627
      15453.0     0.795895
      15454.0     0.795894
      15455.0     0.795893
      15456.0     0.795893
      15457.0     0.795892
      15458.0     0.795891
      15459.0     0.795890
      15460.0     0.795889
      15461.0     0.796997
      15462.0     0.796996
      15463.0     0.796995
      15464.0     0.796993
      15465.0     0.796992
      15466.0     0.796991
      15467.0     0.796990
      15468.0     0.796989
      15469.0     0.796988
      15470.0     0.796988
      15471.0     0.796987
      15472.0     0.796986
      15473.0     0.798093
      15474.0     0.798093
      15475.0     0.798092
      15476.0     0.798091
      15477.0     0.797837
      15478.0     0.797549
      15479.0     0.797261
      15480.0     0.798456
      15481.0     0.799194
      15482.0     0.799193
      15483.0     0.799193
      15484.0     0.800300
      15485.0     0.800299
      15486.0     0.800298
      15487.0     0.800298
      15488.0     0.800297
      15489.0     0.800296
      15490.0     0.800295
      15491.0     0.800294
      15492.0     0.800293
      15493.0     0.800292
      15494.0     0.800291
      15495.0     0.800290
      15496.0     0.801398
      15497.0     0.801396
      15498.0     0.801395
      15499.0     0.801394
      15500.0     0.801394
      15501.0     0.801393
      15502.0     0.801392
      15503.0     0.801391
      15504.0     0.801390
      15505.0     0.801389
      15506.0     0.801388
      15507.0     0.801387
      15508.0     0.801386
      15509.0     0.801385
      15510.0     0.801384
      15511.0     0.801383
      15512.0     0.802491
      15513.0     0.802490
      15514.0     0.802489
      15515.0     0.802488
      15516.0     0.802487
      15517.0     0.802486
      15518.0     0.802486
      15519.0     0.803593
      15520.0     0.803592
      15521.0     0.803591
      15522.0     0.803590
      15523.0     0.804698
      15524.0     0.804697
      15525.0     0.804696
      15526.0     0.804695
      15527.0     0.805803
      15528.0     0.805802
      15529.0     0.805800
      15530.0     0.805799
      15531.0     0.806907
      15532.0     0.806906
      15533.0     0.806905
      15534.0     0.806904
      15535.0     0.808012
      15536.0     0.808011
      15537.0     0.808010
      15538.0     0.808009
      15539.0     0.810225
      15540.0     0.810225
      15541.0     0.810224
      15542.0     0.810223
      15543.0     0.812439
      15544.0     0.812438
      15545.0     0.812437
      15546.0     0.812436
      15547.0     0.813544
      15548.0     0.813543
      15549.0     0.813542
      15550.0     0.814650
      15551.0     0.814649
      15552.0     0.814648
      15553.0     0.814647
      15554.0     0.816864
      15555.0     0.816863
      15556.0     0.816862
      15557.0     0.816861
      15558.0     0.817969
      15559.0     0.817968
      15560.0     0.817967
      15561.0     0.817966
      15562.0     0.820182
      15563.0     0.820181
      15564.0     0.820180
      15565.0     0.820179
      15566.0     0.821287
      15567.0     0.821285
      15568.0     0.821284
      15569.0     0.821283
      15570.0     0.822391
      15571.0     0.822390
      15572.0     0.822389
      15573.0     0.822388
      15574.0     0.823496
      15575.0     0.823495
      15576.0     0.823494
      15577.0     0.823493
      15578.0     0.824601
      15579.0     0.824600
      15580.0     0.824599
      15581.0     0.824598
      15582.0     0.826815
      15583.0     0.826814
      15584.0     0.826813
      15585.0     0.826812
      15586.0     0.829028
      15587.0     0.829027
      15588.0     0.829026
      15589.0     0.832351
      15590.0     0.832350
      15591.0     0.832349
      15592.0     0.832349
      15593.0     0.833456
      15594.0     0.833455
      15595.0     0.833454
      15596.0     0.833454
      15597.0     0.834561
      15598.0     0.834560
      15599.0     0.834559
      15600.0     0.834558
      15601.0     0.836775
      15602.0     0.836774
      15603.0     0.836773
      15604.0     0.836772
      15605.0     0.837880
      15606.0     0.837879
      15607.0     0.837878
      15608.0     0.837876
      15609.0     0.840093
      15610.0     0.840092
      15611.0     0.840091
      15612.0     0.840090
      15613.0     0.841198
      15614.0     0.841197
      15615.0     0.841196
      15616.0     0.841195
      15617.0     0.842302
      15618.0     0.842301
      15619.0     0.842300
      15620.0     0.842299
      15621.0     0.843407
      15622.0     0.843407
      15623.0     0.843406
      15624.0     0.843405
      15625.0     0.845621
      15626.0     0.845620
      15627.0     0.845619
      15628.0     0.847835
      15629.0     0.847834
      15630.0     0.847833
      15631.0     0.847833
      15632.0     0.847832
      15633.0     0.847831
      15634.0     0.847830
      15635.0     0.847829
      15636.0     0.850045
      15637.0     0.850044
      15638.0     0.850043
      15639.0     0.850042
      15640.0     0.850042
      15641.0     0.850041
      15642.0     0.850040
      15643.0     0.850039
      15644.0     0.851147
      15645.0     0.851145
      15646.0     0.851144
      15647.0     0.851143
      15648.0     0.852251
      15649.0     0.852250
      15650.0     0.852249
      15651.0     0.852248
      15652.0     0.853355
      15653.0     0.853355
      15654.0     0.853354
      15655.0     0.853353
      15656.0     0.855569
      15657.0     0.855568
      15658.0     0.855567
      15659.0     0.855566
      15660.0     0.857783
      15661.0     0.857782
      15662.0     0.857781
      15663.0     0.858889
      15664.0     0.859996
      15665.0     0.859995
      15666.0     0.859994
      15667.0     0.861102
      15668.0     0.861101
      15669.0     0.861100
      15670.0     0.861099
      15671.0     0.861098
      15672.0     0.861097
      15673.0     0.861096
      15674.0     0.861096
      15675.0     0.861095
      15676.0     0.861094
      15677.0     0.861093
      15678.0     0.861092
      15679.0     0.862200
      15680.0     0.862199
      15681.0     0.862198
      15682.0     0.862196
      15683.0     0.863304
      15684.0     0.863303
      15685.0     0.863302
      15686.0     0.863301
      15687.0     0.863300
      15688.0     0.863299
      15689.0     0.863298
      15690.0     0.863297
      15691.0     0.864405
      15692.0     0.864404
      15693.0     0.864403
      15694.0     0.864402
      15695.0     0.864401
      15696.0     0.864401
      15697.0     0.864400
      15698.0     0.865507
      15699.0     0.865506
      15700.0     0.865505
      15701.0     0.865504
      15702.0     0.866612
      15703.0     0.866611
      15704.0     0.866610
      15705.0     0.866609
      15706.0     0.868826
      15707.0     0.868825
      15708.0     0.868824
      15709.0     0.868823
      15710.0     0.868822
      15711.0     0.868821
      15712.0     0.868820
      15713.0     0.868819
      15714.0     0.869927
      15715.0     0.869925
      15716.0     0.869924
      15717.0     0.869923
      15718.0     0.869923
      15719.0     0.869922
      15720.0     0.869921
      15721.0     0.869920
      15722.0     0.871027
      15723.0     0.871027
      15724.0     0.871026
      15725.0     0.871025
      15726.0     0.872132
      15727.0     0.872132
      15728.0     0.872131
      15729.0     0.872130
      15730.0     0.872129
      15731.0     0.872128
      15732.0     0.872127
      15733.0     0.873234
      15734.0     0.873233
      15735.0     0.873232
      15736.0     0.873232
      15737.0     0.873231
      15738.0     0.873230
      15739.0     0.873229
      15740.0     0.873228
      15741.0     0.873227
      15742.0     0.873226
      15743.0     0.873225
      15744.0     0.873224
      15745.0     0.873223
      15746.0     0.873222
      15747.0     0.873221
      15748.0     0.873220
      15749.0     0.873219
      15750.0     0.873218
      15751.0     0.873217
      15752.0     0.873216
      15753.0     0.873215
      15754.0     0.873214
      15755.0     0.873213
      15756.0     0.873212
      15757.0     0.873211
      15758.0     0.873211
      15759.0     0.873210
      15760.0     0.873209
      15761.0     0.872941
      15762.0     0.872653
      15763.0     0.872364
      15764.0     0.872096
      15765.0     0.872095
      15766.0     0.872094
      15767.0     0.872094
      15768.0     0.872093
      15769.0     0.872092
      15770.0     0.872091
      15771.0     0.872090
      15772.0     0.872089
      15773.0     0.872088
      15774.0     0.872087
      15775.0     0.872086
      15776.0     0.873194
      15777.0     0.873192
      15778.0     0.873191
      15779.0     0.873190
      15780.0     0.873190
      15781.0     0.873189
      15782.0     0.873188
      15783.0     0.873187
      15784.0     0.874294
      15785.0     0.874294
      15786.0     0.874293
      15787.0     0.874292
      15788.0     0.874291
      15789.0     0.874290
      15790.0     0.874289
      15791.0     0.874288
      15792.0     0.874287
      15793.0     0.874286
      15794.0     0.874285
      15795.0     0.874284
      15796.0     0.874283
      15797.0     0.874282
      15798.0     0.874282
      15799.0     0.875389
      15800.0     0.875388
      15801.0     0.875387
      15802.0     0.875386
      15803.0     0.875385
      15804.0     0.875384
      15805.0     0.875383
      15806.0     0.875382
      15807.0     0.875382
      15808.0     0.875381
      15809.0     0.875380
      15810.0     0.875378
      15811.0     0.875377
      15812.0     0.875376
      15813.0     0.875375
      15814.0     0.875374
      15815.0     0.875184
      15816.0     0.874896
      15817.0     0.874608
      15818.0     0.874320
      15819.0     0.874261
      15820.0     0.874260
      15821.0     0.874259
      15822.0     0.874258
      15823.0     0.874257
      15824.0     0.874256
      15825.0     0.874256
      15826.0     0.874255
      15827.0     0.874254
      15828.0     0.874253
      15829.0     0.874252
      15830.0     0.874251
      15831.0     0.874250
      15832.0     0.874249
      15833.0     0.874248
      15834.0     0.874158
      15835.0     0.873870
      15836.0     0.873582
      15837.0     0.873293
      15838.0     0.873134
      15839.0     0.873133
      15840.0     0.873132
      15841.0     0.873131
      15842.0     0.874239
      15843.0     0.874238
      15844.0     0.874237
      15845.0     0.874236
      15846.0     0.875344
      15847.0     0.875343
      15848.0     0.875342
      15849.0     0.875341
      15850.0     0.875340
      15851.0     0.875340
      15852.0     0.875339
      15853.0     0.875338
      15854.0     0.875337
      15855.0     0.875336
      15856.0     0.875335
      15857.0     0.875334
      15858.0     0.875333
      15859.0     0.875332
      15860.0     0.875331
      15861.0     0.875330
      15862.0     0.875329
      15863.0     0.875328
      15864.0     0.875328
      15865.0     0.876435
      15866.0     0.876434
      15867.0     0.876433
      15868.0     0.876432
      15869.0     0.876432
      15870.0     0.876431
      15871.0     0.876429
      15872.0     0.876428
      15873.0     0.876272
      15874.0     0.875984
      15875.0     0.875696
      15876.0     0.875407
      15877.0     0.875314
      15878.0     0.875314
      15879.0     0.875313
      15880.0     0.875312
      15881.0     0.875079
      15882.0     0.874791
      15883.0     0.874502
      15884.0     0.874214
      15885.0     0.874199
      15886.0     0.874198
      15887.0     0.874197
      15888.0     0.874196
      15889.0     0.874195
      15890.0     0.874194
      15891.0     0.874193
      15892.0     0.874192
      15893.0     0.874191
      15894.0     0.874190
      15895.0     0.874190
      15896.0     0.875297
      15897.0     0.875296
      15898.0     0.875295
      15899.0     0.875294
      15900.0     0.876402
      15901.0     0.876401
      15902.0     0.876400
      15903.0     0.876399
      15904.0     0.876398
      15905.0     0.876397
      15906.0     0.876396
      15907.0     0.876395
      15908.0     0.877502
      15909.0     0.877502
      15910.0     0.877501
      15911.0     0.877500
      15912.0     0.877499
      15913.0     0.877498
      15914.0     0.877497
      15915.0     0.877496
      15916.0     0.877495
      15917.0     0.877494
      15918.0     0.877493
      15919.0     0.877492
      15920.0     0.877491
      15921.0     0.877490
      15922.0     0.877490
      15923.0     0.877489
      15924.0     0.877488
      15925.0     0.877487
      15926.0     0.877486
      15927.0     0.877485
      15928.0     0.877484
      15929.0     0.877483
      15930.0     0.877482
      15931.0     0.877481
      15932.0     0.877480
      15933.0     0.877478
      15934.0     0.877477
      15935.0     0.878585
      15936.0     0.878584
      15937.0     0.878583
      15938.0     0.878582
      15939.0     0.879690
      15940.0     0.879689
      15941.0     0.879688
      15942.0     0.879687
      15943.0     0.879686
      15944.0     0.879686
      15945.0     0.879685
      15946.0     0.879684
      15947.0     0.879683
      15948.0     0.879682
      15949.0     0.879681
      15950.0     0.879680
      15951.0     0.879679
      15952.0     0.879678
      15953.0     0.879677
      15954.0     0.879676
      15955.0     0.879675
      15956.0     0.879674
      15957.0     0.879674
      15958.0     0.879673
      15959.0     0.879672
      15960.0     0.879671
      15961.0     0.879670
      15962.0     0.879669
      15963.0     0.879668
      15964.0     0.879667
      15965.0     0.879665
      15966.0     0.879665
      15967.0     0.879664
      15968.0     0.879663
      15969.0     0.879662
      15970.0     0.879661
      15971.0     0.879660
      15972.0     0.879659
      15973.0     0.879658
      15974.0     0.880766
      15975.0     0.880765
      15976.0     0.880764
      15977.0     0.880763
      15978.0     0.880762
      15979.0     0.880761
      15980.0     0.880760
      15981.0     0.880759
      15982.0     0.880758
      15983.0     0.880757
      15984.0     0.880757
      15985.0     0.881864
      15986.0     0.881863
      15987.0     0.881862
      15988.0     0.881861
      15989.0     0.881860
      15990.0     0.881859
      15991.0     0.881858
      15992.0     0.881857
      15993.0     0.884074
      15994.0     0.884073
      15995.0     0.884072
      15996.0     0.884071
      15997.0     0.884070
      15998.0     0.884069
      15999.0     0.884068
      16000.0     0.884067
      16001.0     0.884066
      16002.0     0.884065
      16003.0     0.884064
      16004.0     0.884063
      16005.0     0.884062
      16006.0     0.884061
      16007.0     0.884060
      16008.0     0.884059
      16009.0     0.884058
      16010.0     0.884058
      16011.0     0.884057
      16012.0     0.884056
      16013.0     0.884055
      16014.0     0.884054
      16015.0     0.884053
      16016.0     0.884052
      16017.0     0.884051
      16018.0     0.884050
      16019.0     0.884049
      16020.0     0.884048
      16021.0     0.884047
      16022.0     0.884046
      16023.0     0.884046
      16024.0     0.884045
      16025.0     0.884044
      16026.0     0.884043
      16027.0     0.884042
      16028.0     0.884041
      16029.0     0.884040
      16030.0     0.884038
      16031.0     0.884037
      16032.0     0.885145
      16033.0     0.885144
      16034.0     0.885143
      16035.0     0.885142
      16036.0     0.885141
      16037.0     0.885141
      16038.0     0.885140
      16039.0     0.885139
      16040.0     0.885138
      16041.0     0.885137
      16042.0     0.885136
      16043.0     0.885135
      16044.0     0.887351
      16045.0     0.887350
      16046.0     0.887349
      16047.0     0.888457
      16048.0     0.888456
      16049.0     0.888455
      16050.0     0.888454
      16051.0     0.888453
      16052.0     0.888452
      16053.0     0.888451
      16054.0     0.888451
      16055.0     0.889558
      16056.0     0.889557
      16057.0     0.889556
      16058.0     0.889555
      16059.0     0.889555
      16060.0     0.889554
      16061.0     0.889553
      16062.0     0.889551
      16063.0     0.889550
      16064.0     0.889549
      16065.0     0.889548
      16066.0     0.889547
      16067.0     0.890655
      16068.0     0.890654
      16069.0     0.890653
      16070.0     0.890652
      16071.0     0.890435
      16072.0     0.890146
      16073.0     0.889858
      16074.0     0.889569
      16075.0     0.889539
      16076.0     0.889538
      16077.0     0.889537
      16078.0     0.889530
      16079.0     0.889242
      16080.0     0.888954
      16081.0     0.888666
      16082.0     0.888424
      16083.0     0.888423
      16084.0     0.888422
      16085.0     0.888421
      16086.0     0.888420
      16087.0     0.888419
      16088.0     0.888418
      16089.0     0.888417
      16090.0     0.888417
      16091.0     0.888416
      16092.0     0.888415
      16093.0     0.888413
      16094.0     0.888412
      16095.0     0.888411
      16096.0     0.888410
      16097.0     0.888409
      16098.0     0.888408
      16099.0     0.888408
      16100.0     0.888407
      16101.0     0.888406
      16102.0     0.888405
      16103.0     0.888404
      16104.0     0.888403
      16105.0     0.888402
      16106.0     0.888401
      16107.0     0.888400
      16108.0     0.888399
      16109.0     0.888398
      16110.0     0.888397
      16111.0     0.888396
      16112.0     0.888395
      16113.0     0.888394
      16114.0     0.888393
      16115.0     0.888392
      16116.0     0.888392
      16117.0     0.888391
      16118.0     0.888390
      16119.0     0.888389
      16120.0     0.888388
      16121.0     0.888387
      16122.0     0.888386
      16123.0     0.888385
      16124.0     0.888384
      16125.0     0.888383
      16126.0     0.888382
      16127.0     0.888381
      16128.0     0.888380
      16129.0     0.888379
      16130.0     0.888378
      16131.0     0.888377
      16132.0     0.888376
      16133.0     0.888375
      16134.0     0.888374
      16135.0     0.888373
      16136.0     0.888372
      16137.0     0.888371
      16138.0     0.888371
      16139.0     0.888370
      16140.0     0.888369
      16141.0     0.888368
      16142.0     0.888367
      16143.0     0.888366
      16144.0     0.888313
      16145.0     0.888024
      16146.0     0.887735
      16147.0     0.887447
      16148.0     0.887253
      16149.0     0.887252
      16150.0     0.887251
      16151.0     0.887250
      16152.0     0.887249
      16153.0     0.887248
      16154.0     0.887246
      16155.0     0.887245
      16156.0     0.887245
      16157.0     0.887244
      16158.0     0.887243
      16159.0     0.887242
      16160.0     0.887241
      16161.0     0.887240
      16162.0     0.887239
      16163.0     0.887238
      16164.0     0.886998
      16165.0     0.886709
      16166.0     0.886420
      16167.0     0.886132
      16168.0     0.886125
      16169.0     0.886124
      16170.0     0.886123
      16171.0     0.887231
      16172.0     0.887230
      16173.0     0.887229
      16174.0     0.887228
      16175.0     0.887227
      16176.0     0.887226
      16177.0     0.887225
      16178.0     0.887224
      16179.0     0.887223
      16180.0     0.887222
      16181.0     0.887221
      16182.0     0.887220
      16183.0     0.887220
      16184.0     0.887218
      16185.0     0.887217
      16186.0     0.887216
      16187.0     0.887215
      16188.0     0.887214
      16189.0     0.887213
      16190.0     0.887212
      16191.0     0.887211
      16192.0     0.887211
      16193.0     0.887210
      16194.0     0.887209
      16195.0     0.887208
      16196.0     0.887207
      16197.0     0.887206
      16198.0     0.887205
      16199.0     0.887204
      16200.0     0.887203
      16201.0     0.887202
      16202.0     0.887201
      16203.0     0.887200
      16204.0     0.887199
      16205.0     0.887199
      16206.0     0.887134
      16207.0     0.886845
      16208.0     0.886556
      16209.0     0.886267
      16210.0     0.886085
      16211.0     0.886084
      16212.0     0.886083
      16213.0     0.886082
      16214.0     0.886082
      16215.0     0.886080
      16216.0     0.886079
      16217.0     0.886078
      16218.0     0.885899
      16219.0     0.885611
      16220.0     0.885323
      16221.0     0.885035
      16222.0     0.884965
      16223.0     0.884964
      16224.0     0.884963
      16225.0     0.884962
      16226.0     0.884447
      16227.0     0.883869
      16228.0     0.883291
      16229.0     0.882741
      16230.0     0.882740
      16231.0     0.882739
      16232.0     0.882738
      16233.0     0.882737
      16234.0     0.882736
      16235.0     0.882735
      16236.0     0.882735
      16237.0     0.882648
      16238.0     0.882359
      16239.0     0.882071
      16240.0     0.881782
      16241.0     0.881621
      16242.0     0.881620
      16243.0     0.881619
      16244.0     0.881618
      16245.0     0.881617
      16246.0     0.881616
      16247.0     0.881615
      16248.0     0.881614
      16249.0     0.881613
      16250.0     0.881612
      16251.0     0.881611
      16252.0     0.881610
      16253.0     0.881609
      16254.0     0.881609
      16255.0     0.881608
      16256.0     0.881607
      16257.0     0.881333
      16258.0     0.881045
      16259.0     0.880756
      16260.0     0.880494
      16261.0     0.880493
      16262.0     0.880492
      16263.0     0.880491
      16264.0     0.880490
      16265.0     0.880489
      16266.0     0.880488
      16267.0     0.880488
      16268.0     0.880290
      16269.0     0.879710
      16270.0     0.879130
      16271.0     0.878550
      16272.0     0.878119
      16273.0     0.877831
      16274.0     0.877543
      16275.0     0.877255
      16276.0     0.877153
      16277.0     0.877152
      16278.0     0.877151
      16279.0     0.877150
      16280.0     0.877149
      16281.0     0.877148
      16282.0     0.877147
      16283.0     0.877146
      16284.0     0.876887
      16285.0     0.876599
      16286.0     0.876311
      16287.0     0.876022
      16288.0     0.875734
      16289.0     0.875445
      16290.0     0.875156
      16291.0     0.874922
      16292.0     0.874921
      16293.0     0.874920
      16294.0     0.874919
      16295.0     0.874918
      16296.0     0.874917
      16297.0     0.874916
      16298.0     0.874915
      16299.0     0.874914
      16300.0     0.874913
      16301.0     0.874912
      16302.0     0.874911
      16303.0     0.874910
      16304.0     0.874909
      16305.0     0.874908
      16306.0     0.874907
      16307.0     0.874708
      16308.0     0.874419
      16309.0     0.874130
      16310.0     0.873841
      16311.0     0.873794
      16312.0     0.873793
      16313.0     0.873792
      16314.0     0.873791
      16315.0     0.873790
      16316.0     0.873789
      16317.0     0.873788
      16318.0     0.873735
      16319.0     0.873157
      16320.0     0.872578
      16321.0     0.872000
      16322.0     0.871566
      16323.0     0.871565
      16324.0     0.871564
      16325.0     0.871563
      16326.0     0.871563
      16327.0     0.871562
      16328.0     0.871561
      16329.0     0.871560
      16330.0     0.871558
      16331.0     0.871557
      16332.0     0.871556
      16333.0     0.871555
      16334.0     0.871374
      16335.0     0.871085
      16336.0     0.870797
      16337.0     0.870509
      16338.0     0.870442
      16339.0     0.870441
      16340.0     0.870440
      16341.0     0.870439
      16342.0     0.870438
      16343.0     0.870438
      16344.0     0.870437
      16345.0     0.870436
      16346.0     0.870435
      16347.0     0.870434
      16348.0     0.870433
      16349.0     0.870389
      16350.0     0.870101
      16351.0     0.869813
      16352.0     0.869524
      16353.0     0.869236
      16354.0     0.868947
      16355.0     0.868658
      16356.0     0.868369
      16357.0     0.868207
      16358.0     0.868206
      16359.0     0.868205
      16360.0     0.868204
      16361.0     0.868042
      16362.0     0.867753
      16363.0     0.867464
      16364.0     0.867175
      16365.0     0.867090
      16366.0     0.867090
      16367.0     0.867089
      16368.0     0.867088
      16369.0     0.868195
      16370.0     0.868194
      16371.0     0.868193
      16372.0     0.868192
      16373.0     0.867920
      16374.0     0.867632
      16375.0     0.867343
      16376.0     0.867080
      16377.0     0.867079
      16378.0     0.867078
      16379.0     0.867078
      16380.0     0.867077
      16381.0     0.867076
      16382.0     0.867075
      16383.0     0.867074
      16384.0     0.867073
      16385.0     0.867072
      16386.0     0.867071
      16387.0     0.867070
      16388.0     0.867069
      16389.0     0.867068
      16390.0     0.867066
      16391.0     0.867065
      16392.0     0.866724
      16393.0     0.866146
      16394.0     0.865568
      16395.0     0.864990
      16396.0     0.864844
      16397.0     0.864843
      16398.0     0.864842
      16399.0     0.864841
      16400.0     0.865200
      16401.0     0.864329
      16402.0     0.863457
      16403.0     0.862620
      16404.0     0.862619
      16405.0     0.862618
      16406.0     0.862617
      16407.0     0.862570
      16408.0     0.862281
      16409.0     0.861992
      16410.0     0.861703
      16411.0     0.861504
      16412.0     0.861503
      16413.0     0.861502
      16414.0     0.861501
      16415.0     0.861251
      16416.0     0.860673
      16417.0     0.860095
      16418.0     0.859516
      16419.0     0.859279
      16420.0     0.859278
      16421.0     0.859277
      16422.0     0.859276
      16423.0     0.859275
      16424.0     0.859274
      16425.0     0.859273
      16426.0     0.859272
      16427.0     0.859271
      16428.0     0.859270
      16429.0     0.859269
      16430.0     0.859268
      16431.0     0.858988
      16432.0     0.858699
      16433.0     0.858410
      16434.0     0.858156
      16435.0     0.858155
      16436.0     0.858154
      16437.0     0.858153
      16438.0     0.858152
      16439.0     0.858151
      16440.0     0.858150
      16441.0     0.858149
      16442.0     0.858149
      16443.0     0.858148
      16444.0     0.858147
      16445.0     0.858146
      16446.0     0.858145
      16447.0     0.858143
      16448.0     0.858142
      16449.0     0.858141
      16450.0     0.857963
      16451.0     0.857674
      16452.0     0.857386
      16453.0     0.857098
      16454.0     0.856810
      16455.0     0.856521
      16456.0     0.856232
      16457.0     0.855943
      16458.0     0.855916
      16459.0     0.855915
      16460.0     0.855914
      16461.0     0.857005
      16462.0     0.856136
      16463.0     0.855266
      16464.0     0.854397
      16465.0     0.853692
      16466.0     0.853691
      16467.0     0.853690
      16468.0     0.853689
      16469.0     0.853596
      16470.0     0.853308
      16471.0     0.853019
      16472.0     0.852731
      16473.0     0.852576
      16474.0     0.852575
      16475.0     0.852573
      16476.0     0.852572
      16477.0     0.852402
      16478.0     0.852114
      16479.0     0.851826
      16480.0     0.851538
      16481.0     0.851459
      16482.0     0.851458
      16483.0     0.851457
      16484.0     0.851456
      16485.0     0.851208
      16486.0     0.850920
      16487.0     0.850632
      16488.0     0.850344
      16489.0     0.850343
      16490.0     0.850342
      16491.0     0.850341
      16492.0     0.850302
      16493.0     0.850014
      16494.0     0.849726
      16495.0     0.849438
      16496.0     0.849228
      16497.0     0.849227
      16498.0     0.849226
      16499.0     0.849225
      16500.0     0.849224
      16501.0     0.849223
      16502.0     0.849222
      16503.0     0.849221
      16504.0     0.849068
      16505.0     0.848780
      16506.0     0.848492
      16507.0     0.848203
      16508.0     0.848107
      16509.0     0.848107
      16510.0     0.848106
      16511.0     0.848105
      16512.0     0.847874
      16513.0     0.847586
      16514.0     0.847298
      16515.0     0.847009
      16516.0     0.846991
      16517.0     0.846990
      16518.0     0.846990
      16519.0     0.846989
      16520.0     0.846988
      16521.0     0.846987
      16522.0     0.846986
      16523.0     0.846930
      16524.0     0.846642
      16525.0     0.846354
      16526.0     0.846066
      16527.0     0.845873
      16528.0     0.845872
      16529.0     0.845871
      16530.0     0.845870
      16531.0     0.845869
      16532.0     0.845868
      16533.0     0.845866
      16534.0     0.845865
      16535.0     0.845695
      16536.0     0.845407
      16537.0     0.845119
      16538.0     0.844831
      16539.0     0.844752
      16540.0     0.844751
      16541.0     0.844750
      16542.0     0.844749
      16543.0     0.844748
      16544.0     0.844748
      16545.0     0.844747
      16546.0     0.844746
      16547.0     0.844745
      16548.0     0.844744
      16549.0     0.844743
      16550.0     0.844710
      16551.0     0.844422
      16552.0     0.844134
      16553.0     0.843846
      16554.0     0.843558
      16555.0     0.843269
      16556.0     0.842979
      16557.0     0.842690
      16558.0     0.842517
      16559.0     0.842516
      16560.0     0.842515
      16561.0     0.842514
      16562.0     0.842213
      16563.0     0.841635
      16564.0     0.841057
      16565.0     0.840478
      16566.0     0.840292
      16567.0     0.840291
      16568.0     0.840290
      16569.0     0.840289
      16570.0     0.840288
      16571.0     0.840287
      16572.0     0.840286
      16573.0     0.840285
      16574.0     0.840014
      16575.0     0.839726
      16576.0     0.839438
      16577.0     0.839150
      16578.0     0.838862
      16579.0     0.838574
      16580.0     0.838286
      16581.0     0.837997
      16582.0     0.837708
      16583.0     0.837419
      16584.0     0.837130
      16585.0     0.836842
      16586.0     0.836554
      16587.0     0.836265
      16588.0     0.835977
      16589.0     0.835689
      16590.0     0.835401
      16591.0     0.835113
      16592.0     0.834825
      16593.0     0.834723
      16594.0     0.834722
      16595.0     0.834721
      16596.0     0.834720
      16597.0     0.834269
      16598.0     0.833691
      16599.0     0.833112
      16600.0     0.832534
      16601.0     0.832498
      16602.0     0.832497
      16603.0     0.832496
      16604.0     0.832475
      16605.0     0.832187
      16606.0     0.831898
      16607.0     0.831610
      16608.0     0.831383
      16609.0     0.831382
      16610.0     0.831381
      16611.0     0.831381
      16612.0     0.831380
      16613.0     0.831379
      16614.0     0.831378
      16615.0     0.831377
      16616.0     0.831243
      16617.0     0.830955
      16618.0     0.830667
      16619.0     0.830378
      16620.0     0.830263
      16621.0     0.830262
      16622.0     0.830261
      16623.0     0.830260
      16624.0     0.830049
      16625.0     0.829761
      16626.0     0.829473
      16627.0     0.829185
      16628.0     0.829146
      16629.0     0.829146
      16630.0     0.829145
      16631.0     0.829144
      16632.0     0.829143
      16633.0     0.829142
      16634.0     0.829141
      16635.0     0.829102
      16636.0     0.828814
      16637.0     0.828526
      16638.0     0.828238
      16639.0     0.828028
      16640.0     0.828027
      16641.0     0.828026
      16642.0     0.828025
      16643.0     0.827792
      16644.0     0.827214
      16645.0     0.826636
      16646.0     0.826057
      16647.0     0.825803
      16648.0     0.825802
      16649.0     0.825801
      16650.0     0.825800
      16651.0     0.825799
      16652.0     0.825798
      16653.0     0.825797
      16654.0     0.825796
      16655.0     0.825563
      16656.0     0.825275
      16657.0     0.824987
      16658.0     0.824699
      16659.0     0.824410
      16660.0     0.824120
      16661.0     0.823831
      16662.0     0.823571
      16663.0     0.823570
      16664.0     0.823569
      16665.0     0.823569
      16666.0     0.823504
      16667.0     0.823215
      16668.0     0.822926
      16669.0     0.822637
      16670.0     0.822349
      16671.0     0.822061
      16672.0     0.821772
      16673.0     0.821484
      16674.0     0.821342
      16675.0     0.821341
      16676.0     0.821340
      16677.0     0.821339
      16678.0     0.821338
      16679.0     0.821337
      16680.0     0.821336
      16681.0     0.821335
      16682.0     0.821334
      16683.0     0.821334
      16684.0     0.821333
      16685.0     0.821332
      16686.0     0.821075
      16687.0     0.820787
      16688.0     0.820499
      16689.0     0.820219
      16690.0     0.820218
      16691.0     0.820217
      16692.0     0.820217
      16693.0     0.820170
      16694.0     0.819881
      16695.0     0.819593
      16696.0     0.819305
      16697.0     0.819103
      16698.0     0.819102
      16699.0     0.819101
      16700.0     0.819100
      16701.0     0.819100
      16702.0     0.819099
      16703.0     0.819098
      16704.0     0.819097
      16705.0     0.819096
      16706.0     0.819095
      16707.0     0.819094
      16708.0     0.819093
      16709.0     0.818897
      16710.0     0.818609
      16711.0     0.818320
      16712.0     0.818032
      16713.0     0.817979
      16714.0     0.817978
      16715.0     0.817977
      16716.0     0.817976
      16717.0     0.817703
      16718.0     0.817414
      16719.0     0.817126
      16720.0     0.816864
      16721.0     0.816863
      16722.0     0.816862
      16723.0     0.816861
      16724.0     0.816860
      16725.0     0.816859
      16726.0     0.816858
      16727.0     0.816858
      16728.0     0.816857
      16729.0     0.816856
      16730.0     0.816855
      16731.0     0.816854
      16732.0     0.816581
      16733.0     0.816002
      16734.0     0.815424
      16735.0     0.814846
      16736.0     0.814631
      16737.0     0.814630
      16738.0     0.814629
      16739.0     0.814628
      16740.0     0.814627
      16741.0     0.814627
      16742.0     0.814626
      16743.0     0.814625
      16744.0     0.814624
      16745.0     0.814623
      16746.0     0.814622
      16747.0     0.814621
      16748.0     0.814620
      16749.0     0.814619
      16750.0     0.814618
      16751.0     0.814617
      16752.0     0.814616
      16753.0     0.814615
      16754.0     0.814615
      16755.0     0.814539
      16756.0     0.814250
      16757.0     0.813961
      16758.0     0.813672
      16759.0     0.813501
      16760.0     0.813500
      16761.0     0.813499
      16762.0     0.813498
      16763.0     0.813345
      16764.0     0.813056
      16765.0     0.812767
      16766.0     0.812478
      16767.0     0.812189
      16768.0     0.811901
      16769.0     0.811613
      16770.0     0.811325
      16771.0     0.811272
      16772.0     0.811271
      16773.0     0.811270
      16774.0     0.811269
      16775.0     0.811268
      16776.0     0.811267
      16777.0     0.811267
      16778.0     0.811246
      16779.0     0.810957
      16780.0     0.810667
      16781.0     0.810378
      16782.0     0.810153
      16783.0     0.810152
      16784.0     0.810151
      16785.0     0.810151
      16786.0     0.810150
      16787.0     0.810149
      16788.0     0.810148
      16789.0     0.810147
      16790.0     0.810145
      16791.0     0.810144
      16792.0     0.810143
      16793.0     0.810142
      16794.0     0.810142
      16795.0     0.810141
      16796.0     0.810140
      16797.0     0.810139
      16798.0     0.810138
      16799.0     0.810137
      16800.0     0.810136
      16801.0     0.810135
      16802.0     0.811243
      16803.0     0.811242
      16804.0     0.811241
      16805.0     0.811240
      16806.0     0.811239
      16807.0     0.811238
      16808.0     0.811237
      16809.0     0.811236
      16810.0     0.811235
      16811.0     0.811234
      16812.0     0.811234
      16813.0     0.811233
      16814.0     0.811232
      16815.0     0.811231
      16816.0     0.811230
      16817.0     0.811134
      16818.0     0.810845
      16819.0     0.810556
      16820.0     0.810267
      16821.0     0.810117
      16822.0     0.810115
      16823.0     0.810114
      16824.0     0.810113
      16825.0     0.810112
      16826.0     0.810111
      16827.0     0.810110
      16828.0     0.810109
      16829.0     0.810108
      16830.0     0.810108
      16831.0     0.810107
      16832.0     0.810106
      16833.0     0.811213
      16834.0     0.811213
      16835.0     0.811212
      16836.0     0.811211
      16837.0     0.812318
      16838.0     0.812317
      16839.0     0.812317
      16840.0     0.813424
      16841.0     0.813423
      16842.0     0.813422
      16843.0     0.813421
      16844.0     0.813420
      16845.0     0.813419
      16846.0     0.813418
      16847.0     0.813418
      16848.0     0.813417
      16849.0     0.813416
      16850.0     0.813415
      16851.0     0.813414
      16852.0     0.813413
      16853.0     0.813412
      16854.0     0.813411
      16855.0     0.813410
      16856.0     0.813409
      16857.0     0.813408
      16858.0     0.813407
      16859.0     0.813406
      16860.0     0.813405
      16861.0     0.813404
      16862.0     0.813403
      16863.0     0.813402
      16864.0     0.814510
      16865.0     0.814509
      16866.0     0.814508
      16867.0     0.814507
      16868.0     0.814506
      16869.0     0.814505
      16870.0     0.814504
      16871.0     0.815612
      16872.0     0.815611
      16873.0     0.815610
      16874.0     0.815609
      16875.0     0.815608
      16876.0     0.815607
      16877.0     0.815606
      16878.0     0.815606
      16879.0     0.816713
      16880.0     0.816712
      16881.0     0.816711
      16882.0     0.816710
      16883.0     0.816710
      16884.0     0.816709
      16885.0     0.816708
      16886.0     0.816706
      16887.0     0.817814
      16888.0     0.817813
      16889.0     0.817812
      16890.0     0.817811
      16891.0     0.818919
      16892.0     0.818918
      16893.0     0.818917
      16894.0     0.818916
      16895.0     0.818915
      16896.0     0.818914
      16897.0     0.818913
      16898.0     0.818912
      16899.0     0.818911
      16900.0     0.818910
      16901.0     0.818909
      16902.0     0.818908
      16903.0     0.820016
      16904.0     0.820015
      16905.0     0.820014
      16906.0     0.820013
      16907.0     0.820012
      16908.0     0.820011
      16909.0     0.820011
      16910.0     0.820010
      16911.0     0.820009
      16912.0     0.820008
      16913.0     0.820007
      16914.0     0.821115
      16915.0     0.821114
      16916.0     0.821113
      16917.0     0.821112
      16918.0     0.821111
      16919.0     0.821109
      16920.0     0.821108
      16921.0     0.821107
      16922.0     0.822215
      16923.0     0.822214
      16924.0     0.822213
      16925.0     0.822212
      16926.0     0.823320
      16927.0     0.823319
      16928.0     0.823318
      16929.0     0.823317
      16930.0     0.824425
      16931.0     0.824424
      16932.0     0.824423
      16933.0     0.824422
      16934.0     0.824421
      16935.0     0.824421
      16936.0     0.824420
      16937.0     0.824419
      16938.0     0.824418
      16939.0     0.824417
      16940.0     0.824416
      16941.0     0.825523
      16942.0     0.825522
      16943.0     0.825521
      16944.0     0.825521
      16945.0     0.826628
      16946.0     0.826627
      16947.0     0.826626
      16948.0     0.826625
      16949.0     0.827733
      16950.0     0.827732
      16951.0     0.827731
      16952.0     0.827730
      16953.0     0.827729
      16954.0     0.827728
      16955.0     0.827727
      16956.0     0.827726
      16957.0     0.829942
      16958.0     0.829941
      16959.0     0.829940
      16960.0     0.829939
      16961.0     0.831047
      16962.0     0.831046
      16963.0     0.831045
      16964.0     0.831044
      16965.0     0.832152
      16966.0     0.832151
      16967.0     0.832150
      16968.0     0.832149
      16969.0     0.832148
      16970.0     0.832148
      16971.0     0.832147
      16972.0     0.832146
      16973.0     0.832145
      16974.0     0.832144
      16975.0     0.832143
      16976.0     0.832142
      16977.0     0.832141
      16978.0     0.832140
      16979.0     0.832139
      16980.0     0.832138
      16981.0     0.832137
      16982.0     0.832136
      16983.0     0.832135
      16984.0     0.833243
      16985.0     0.833242
      16986.0     0.833241
      16987.0     0.833240
      16988.0     0.834348
      16989.0     0.834347
      16990.0     0.834346
      16991.0     0.834345
      16992.0     0.836561
      16993.0     0.836560
      16994.0     0.836559
      16995.0     0.836558
      16996.0     0.837666
      16997.0     0.837665
      16998.0     0.837664
      16999.0     0.837663
      17000.0     0.838771
      17001.0     0.838770
      17002.0     0.838769
      17003.0     0.838768
      17004.0     0.839876
      17005.0     0.839875
      17006.0     0.839874
      17007.0     0.840982
      17008.0     0.840981
      17009.0     0.840980
      17010.0     0.840979
      17011.0     0.842087
      17012.0     0.842086
      17013.0     0.842085
      17014.0     0.842084
      17015.0     0.843192
      17016.0     0.843191
      17017.0     0.843190
      17018.0     0.843189
      17019.0     0.845405
      17020.0     0.845404
      17021.0     0.845403
      17022.0     0.845402
      17023.0     0.847619
      17024.0     0.847618
      17025.0     0.847616
      17026.0     0.847615
      17027.0     0.848723
      17028.0     0.848722
      17029.0     0.848721
      17030.0     0.848720
      17031.0     0.848719
      17032.0     0.848718
      17033.0     0.848717
      17034.0     0.848716
      17035.0     0.849824
      17036.0     0.849823
      17037.0     0.849822
      17038.0     0.849821
      17039.0     0.849820
      17040.0     0.849819
      17041.0     0.849819
      17042.0     0.849818
      17043.0     0.849817
      17044.0     0.849816
      17045.0     0.849815
      17046.0     0.850923
      17047.0     0.850922
      17048.0     0.850921
      17049.0     0.850920
      17050.0     0.850919
      17051.0     0.850918
      17052.0     0.850917
      17053.0     0.850916
      17054.0     0.852024
      17055.0     0.852023
      17056.0     0.852022
      17057.0     0.852021
      17058.0     0.852019
      17059.0     0.852018
      17060.0     0.852017
      17061.0     0.852016
      17062.0     0.853124
      17063.0     0.853123
      17064.0     0.853122
      17065.0     0.853121
      17066.0     0.853120
      17067.0     0.853120
      17068.0     0.853119
      17069.0     0.853118
      17070.0     0.853117
      17071.0     0.853116
      17072.0     0.853115
      17073.0     0.854223
      17074.0     0.854222
      17075.0     0.854221
      17076.0     0.854220
      17077.0     0.854219
      17078.0     0.854218
      17079.0     0.854217
      17080.0     0.854216
      17081.0     0.856433
      17082.0     0.856432
      17083.0     0.856431
      17084.0     0.856430
      17085.0     0.857537
      17086.0     0.857536
      17087.0     0.857535
      17088.0     0.857534
      17089.0     0.858642
      17090.0     0.858641
      17091.0     0.858640
      17092.0     0.858639
      17093.0     0.858638
      17094.0     0.858637
      17095.0     0.858636
      17096.0     0.858635
      17097.0     0.858634
      17098.0     0.858633
      17099.0     0.858632
      17100.0     0.858631
      17101.0     0.859739
      17102.0     0.859738
      17103.0     0.859737
      17104.0     0.859736
      17105.0     0.859735
      17106.0     0.859735
      17107.0     0.859734
      17108.0     0.859733
      17109.0     0.859732
      17110.0     0.859731
      17111.0     0.859730
      17112.0     0.859729
      17113.0     0.859728
      17114.0     0.859727
      17115.0     0.859726
      17116.0     0.859725
      17117.0     0.859724
      17118.0     0.859723
      17119.0     0.859722
      17120.0     0.860830
      17121.0     0.860829
      17122.0     0.860828
      17123.0     0.860827
      17124.0     0.860826
      17125.0     0.860825
      17126.0     0.860824
      17127.0     0.860823
      17128.0     0.861931
      17129.0     0.861930
      17130.0     0.861929
      17131.0     0.861928
      17132.0     0.861927
      17133.0     0.861926
      17134.0     0.861925
      17135.0     0.861924
      17136.0     0.861923
      17137.0     0.861922
      17138.0     0.861921
      17139.0     0.861920
      17140.0     0.861919
      17141.0     0.861918
      17142.0     0.861918
      17143.0     0.861917
      17144.0     0.861916
      17145.0     0.861915
      17146.0     0.861914
      17147.0     0.861913
      17148.0     0.861912
      17149.0     0.861911
      17150.0     0.861910
      17151.0     0.861909
      17152.0     0.861908
      17153.0     0.861907
      17154.0     0.861906
      17155.0     0.863014
      17156.0     0.863013
      17157.0     0.863012
      17158.0     0.863011
      17159.0     0.863010
      17160.0     0.863009
      17161.0     0.863008
      17162.0     0.863007
      17163.0     0.863006
      17164.0     0.863005
      17165.0     0.863004
      17166.0     0.863003
      17167.0     0.863002
      17168.0     0.863002
      17169.0     0.863001
      17170.0     0.863000
      17171.0     0.862999
      17172.0     0.862998
      17173.0     0.862997
      17174.0     0.862996
      17175.0     0.862995
      17176.0     0.862994
      17177.0     0.862993
      17178.0     0.862992
      17179.0     0.862991
      17180.0     0.862990
      17181.0     0.862989
      17182.0     0.862989
      17183.0     0.862988
      17184.0     0.862987
      17185.0     0.862985
      17186.0     0.862984
      17187.0     0.862983
      17188.0     0.862982
      17189.0     0.862981
      17190.0     0.862794
      17191.0     0.862506
      17192.0     0.862218
      17193.0     0.861930
      17194.0     0.861868
      17195.0     0.861867
      17196.0     0.861866
      17197.0     0.861865
      17198.0     0.861864
      17199.0     0.861863
      17200.0     0.861863
      17201.0     0.861862
      17202.0     0.861861
      17203.0     0.861860
      17204.0     0.861859
      17205.0     0.861809
      17206.0     0.861521
      17207.0     0.861233
      17208.0     0.860945
      17209.0     0.860746
      17210.0     0.860745
      17211.0     0.860744
      17212.0     0.860743
      17213.0     0.860741
      17214.0     0.860740
      17215.0     0.860739
      17216.0     0.860738
      17217.0     0.860576
      17218.0     0.860287
      17219.0     0.859998
      17220.0     0.859710
      17221.0     0.859421
      17222.0     0.859133
      17223.0     0.858845
      17224.0     0.858557
      17225.0     0.858513
      17226.0     0.858512
      17227.0     0.858511
      17228.0     0.858510
      17229.0     0.858509
      17230.0     0.858508
      17231.0     0.858507
      17232.0     0.858506
      17233.0     0.858505
      17234.0     0.858504
      17235.0     0.858504
      17236.0     0.858503
      17237.0     0.858502
      17238.0     0.858501
      17239.0     0.858500
      17240.0     0.858499
      17241.0     0.858498
      17242.0     0.858497
      17243.0     0.858496
      17244.0     0.858495
      17245.0     0.858493
      17246.0     0.858492
      17247.0     0.858491
      17248.0     0.858315
      17249.0     0.858027
      17250.0     0.857739
      17251.0     0.857451
      17252.0     0.857378
      17253.0     0.857378
      17254.0     0.857377
      17255.0     0.857376
      17256.0     0.857375
      17257.0     0.857374
      17258.0     0.857373
      17259.0     0.857372
      17260.0     0.857083
      17261.0     0.856794
      17262.0     0.856505
      17263.0     0.856217
      17264.0     0.855928
      17265.0     0.855640
      17266.0     0.855352
      17267.0     0.855147
      17268.0     0.855146
      17269.0     0.855145
      17270.0     0.855144
      17271.0     0.854901
      17272.0     0.854323
      17273.0     0.853744
      17274.0     0.853166
      17275.0     0.852922
      17276.0     0.852921
      17277.0     0.852920
      17278.0     0.852919
      17279.0     0.852918
      17280.0     0.852917
      17281.0     0.852916
      17282.0     0.852915
      17283.0     0.852676
      17284.0     0.852388
      17285.0     0.852100
      17286.0     0.851811
      17287.0     0.851523
      17288.0     0.851234
      17289.0     0.850945
      17290.0     0.850691
      17291.0     0.850690
      17292.0     0.850689
      17293.0     0.850688
      17294.0     0.851596
      17295.0     0.850726
      17296.0     0.849857
      17297.0     0.848987
      17298.0     0.848350
      17299.0     0.848061
      17300.0     0.847773
      17301.0     0.847484
      17302.0     0.847353
      17303.0     0.847352
      17304.0     0.847351
      17305.0     0.847350
      17306.0     0.847349
      17307.0     0.847348
      17308.0     0.847347
      17309.0     0.847346
      17310.0     0.847345
      17311.0     0.847345
      17312.0     0.847344
      17313.0     0.847343
      17314.0     0.847342
      17315.0     0.847341
      17316.0     0.847340
      17317.0     0.847339
      17318.0     0.847338
      17319.0     0.847337
      17320.0     0.847336
      17321.0     0.847283
      17322.0     0.846995
      17323.0     0.846707
      17324.0     0.846419
      17325.0     0.846223
      17326.0     0.846222
      17327.0     0.846221
      17328.0     0.846220
      17329.0     0.846219
      17330.0     0.846218
      17331.0     0.846217
      17332.0     0.846216
      17333.0     0.846215
      17334.0     0.846214
      17335.0     0.846213
      17336.0     0.846212
      17337.0     0.846211
      17338.0     0.846210
      17339.0     0.846209
      17340.0     0.846208
      17341.0     0.845969
      17342.0     0.845681
      17343.0     0.845393
      17344.0     0.845104
      17345.0     0.845095
      17346.0     0.845094
      17347.0     0.845093
      17348.0     0.845092
      17349.0     0.845091
      17350.0     0.845090
      17351.0     0.845090
      17352.0     0.845025
      17353.0     0.844736
      17354.0     0.844447
      17355.0     0.844158
      17356.0     0.843976
      17357.0     0.843975
      17358.0     0.843974
      17359.0     0.843973
      17360.0     0.843973
      17361.0     0.843971
      17362.0     0.843970
      17363.0     0.843969
      17364.0     0.843968
      17365.0     0.843967
      17366.0     0.843966
      17367.0     0.843965
      17368.0     0.843964
      17369.0     0.843964
      17370.0     0.843963
      17371.0     0.843962
      17372.0     0.843961
      17373.0     0.843960
      17374.0     0.843959
      17375.0     0.843958
      17376.0     0.843957
      17377.0     0.843956
      17378.0     0.843955
      17379.0     0.843920
      17380.0     0.843631
      17381.0     0.843342
      17382.0     0.843053
      17383.0     0.842842
      17384.0     0.842841
      17385.0     0.842840
      17386.0     0.842839
      17387.0     0.842838
      17388.0     0.842837
      17389.0     0.842836
      17390.0     0.842835
      17391.0     0.842834
      17392.0     0.842833
      17393.0     0.842832
      17394.0     0.842831
      17395.0     0.842830
      17396.0     0.842829
      17397.0     0.842828
      17398.0     0.842827
      17399.0     0.842826
      17400.0     0.842825
      17401.0     0.842824
      17402.0     0.842823
      17403.0     0.842822
      17404.0     0.842822
      17405.0     0.842821
      17406.0     0.842820
      17407.0     0.842819
      17408.0     0.842818
      17409.0     0.842817
      17410.0     0.842729
      17411.0     0.842151
      17412.0     0.841572
      17413.0     0.840994
      17414.0     0.840595
      17415.0     0.840594
      17416.0     0.840593
      17417.0     0.840592
      17418.0     0.841700
      17419.0     0.841699
      17420.0     0.841698
      17421.0     0.841697
      17422.0     0.841696
      17423.0     0.841695
      17424.0     0.841694
      17425.0     0.841693
      17426.0     0.842800
      17427.0     0.842800
      17428.0     0.842799
      17429.0     0.842798
      17430.0     0.842797
      17431.0     0.842796
      17432.0     0.842795
      17433.0     0.842794
      17434.0     0.843902
      17435.0     0.843901
      17436.0     0.843900
      17437.0     0.843899
      17438.0     0.843898
      17439.0     0.843897
      17440.0     0.843896
      17441.0     0.843854
      17442.0     0.843566
      17443.0     0.843277
      17444.0     0.842988
      17445.0     0.842783
      17446.0     0.842782
      17447.0     0.842781
      17448.0     0.842780
      17449.0     0.842779
      17450.0     0.842778
      17451.0     0.842777
      17452.0     0.842776
      17453.0     0.842775
      17454.0     0.842774
      17455.0     0.842773
      17456.0     0.842772
      17457.0     0.842771
      17458.0     0.842770
      17459.0     0.842769
      17460.0     0.842768
      17461.0     0.842767
      17462.0     0.842767
      17463.0     0.842766
      17464.0     0.842765
      17465.0     0.842764
      17466.0     0.842763
      17467.0     0.842762
      17468.0     0.842761
      17469.0     0.842760
      17470.0     0.842759
      17471.0     0.842758
      17472.0     0.843866
      17473.0     0.843865
      17474.0     0.843864
      17475.0     0.843863
      17476.0     0.843862
      17477.0     0.843861
      17478.0     0.843860
      17479.0     0.843859
      17480.0     0.844967
      17481.0     0.844966
      17482.0     0.844965
      17483.0     0.844963
      17484.0     0.846071
      17485.0     0.846070
      17486.0     0.846069
      17487.0     0.846068
      17488.0     0.846068
      17489.0     0.846067
      17490.0     0.846066
      17491.0     0.846065
      17492.0     0.847172
      17493.0     0.847172
      17494.0     0.847171
      17495.0     0.847170
      17496.0     0.848277
      17497.0     0.848277
      17498.0     0.848276
      17499.0     0.848275
      17500.0     0.848274
      17501.0     0.848273
      17502.0     0.848272
      17503.0     0.848245
      17504.0     0.847956
      17505.0     0.847667
      17506.0     0.847378
      17507.0     0.847159
      17508.0     0.847158
      17509.0     0.847157
      17510.0     0.847156
      17511.0     0.847155
      17512.0     0.847154
      17513.0     0.847153
      17514.0     0.847152
      17515.0     0.848260
      17516.0     0.848258
      17517.0     0.848257
      17518.0     0.848256
      17519.0     0.848255
      17520.0     0.848254
      17521.0     0.848253
      17522.0     0.848252
      17523.0     0.848251
      17524.0     0.848251
      17525.0     0.848250
      17526.0     0.848249
      17527.0     0.848248
      17528.0     0.848247
      17529.0     0.848246
      17530.0     0.848245
      17531.0     0.848244
      17532.0     0.848243
      17533.0     0.848242
      17534.0     0.848241
      17535.0     0.848240
      17536.0     0.848239
      17537.0     0.848239
      17538.0     0.848238
      17539.0     0.848237
      17540.0     0.848236
      17541.0     0.848235
      17542.0     0.848234
      17543.0     0.848233
      17544.0     0.848232
      17545.0     0.848231
      17546.0     0.848230
      17547.0     0.848229
      17548.0     0.848228
      17549.0     0.848227
      17550.0     0.849335
      17551.0     0.849334
      17552.0     0.849333
      17553.0     0.849332
      17554.0     0.850439
      17555.0     0.850439
      17556.0     0.850438
      17557.0     0.850437
      17558.0     0.850436
      17559.0     0.850435
      17560.0     0.850434
      17561.0     0.850433
      17562.0     0.850432
      17563.0     0.850431
      17564.0     0.850430
      17565.0     0.850429
      17566.0     0.850428
      17567.0     0.850427
      17568.0     0.850427
      17569.0     0.850426
      17570.0     0.850425
      17571.0     0.850424
      17572.0     0.850423
      17573.0     0.850327
      17574.0     0.850038
      17575.0     0.849749
      17576.0     0.849460
      17577.0     0.849310
      17578.0     0.849308
      17579.0     0.849307
      17580.0     0.849306
      17581.0     0.849305
      17582.0     0.849304
      17583.0     0.849303
      17584.0     0.849302
      17585.0     0.850410
      17586.0     0.850409
      17587.0     0.850408
      17588.0     0.850407
      17589.0     0.850406
      17590.0     0.850406
      17591.0     0.850405
      17592.0     0.850404
      17593.0     0.850126
      17594.0     0.849837
      17595.0     0.849548
      17596.0     0.849259
      17597.0     0.848971
      17598.0     0.848683
      17599.0     0.848395
      17600.0     0.848107
      17601.0     0.847819
      17602.0     0.847531
      17603.0     0.847243
      17604.0     0.846954
      17605.0     0.846665
      17606.0     0.846376
      17607.0     0.846087
      17608.0     0.845954
      17609.0     0.845953
      17610.0     0.845952
      17611.0     0.845951
      17612.0     0.846494
      17613.0     0.845625
      17614.0     0.844755
      17615.0     0.843886
      17616.0     0.843493
      17617.0     0.843204
      17618.0     0.842915
      17619.0     0.842625
      17620.0     0.842616
      17621.0     0.842615
      17622.0     0.842615
      17623.0     0.842588
      17624.0     0.842299
      17625.0     0.842010
      17626.0     0.841721
      17627.0     0.841501
      17628.0     0.841500
      17629.0     0.841499
      17630.0     0.841498
      17631.0     0.841394
      17632.0     0.841105
      17633.0     0.840816
      17634.0     0.840527
      17635.0     0.840238
      17636.0     0.839950
      17637.0     0.839662
      17638.0     0.839374
      17639.0     0.839086
      17640.0     0.838798
      17641.0     0.838510
      17642.0     0.838222
      17643.0     0.837473
      17644.0     0.836601
      17645.0     0.835729
      17646.0     0.834857
      17647.0     0.834270
      17648.0     0.833691
      17649.0     0.833113
      17650.0     0.834681
      17651.0     0.833218
      17652.0     0.831754
      17653.0     0.830290
      17654.0     0.829191
      17655.0     0.828903
      17656.0     0.828615
      17657.0     0.828327
      17658.0     0.829771
      17659.0     0.828307
      17660.0     0.826843
      17661.0     0.825379
      17662.0     0.824657
      17663.0     0.824369
      17664.0     0.824081
      17665.0     0.823792
      17666.0     0.823055
      17667.0     0.822184
      17668.0     0.821313
      17669.0     0.820441
      17670.0     0.819848
      17671.0     0.819270
      17672.0     0.818691
      17673.0     0.817983
      17674.0     0.816217
      17675.0     0.814451
      17676.0     0.812686
      17677.0     0.811324
      17678.0     0.810745
      17679.0     0.810167
      17680.0     0.809589
      17681.0     0.811695
      17682.0     0.809625
      17683.0     0.807554
      17684.0     0.805484
      17685.0     0.807042
      17686.0     0.805282
      17687.0     0.803522
      17688.0     0.801762
      17689.0     0.801281
      17690.0     0.800992
      17691.0     0.800702
      17692.0     0.800402
      17693.0     0.799531
      17694.0     0.798659
      17695.0     0.797788
      17696.0     0.796798
      17697.0     0.795334
      17698.0     0.793870
      17699.0     0.792406
      17700.0     0.791185
      17701.0     0.790314
      17702.0     0.789442
      17703.0     0.788571
      17704.0     0.787526
      17705.0     0.786361
      17706.0     0.785197
      17707.0     0.784032
      17708.0     0.782162
      17709.0     0.780091
      17710.0     0.778021
      17711.0     0.777912
      17712.0     0.779901
      17713.0     0.774311
      17714.0     0.768721
      17715.0     0.774004
      17716.0     0.768739
      17717.0     0.763473
      17718.0     0.758208
      17719.0     0.755007
      17720.0     0.753241
      17721.0     0.751476
      17722.0     0.749710
      17723.0     0.747699
      17724.0     0.745634
      17725.0     0.743569
      17726.0     0.741522
      17727.0     0.739757
      17728.0     0.737993
      17729.0     0.736228
      17730.0     0.734197
      17731.0     0.731513
      17732.0     0.728829
      17733.0     0.726145
      17734.0     0.723458
      17735.0     0.720768
      17736.0     0.718079
      17737.0     0.715389
      17738.0     0.712441
      17739.0     0.709451
      17740.0     0.706461
      17741.0     0.703610
      17742.0     0.701539
      17743.0     0.699469
      17744.0     0.697398
      17745.0     0.703123
      17746.0     0.695795
      17747.0     0.688468
      17748.0     0.681140
      17749.0     0.677187
      17750.0     0.674189
      17751.0     0.671191
      17752.0     0.668117
      17753.0     0.664168
      17754.0     0.660219
      17755.0     0.656270
      17756.0     0.652460
      17757.0     0.648834
      17758.0     0.645207
      17759.0     0.641581
      17760.0     0.637460
      17761.0     0.633182
      17762.0     0.628904
      17763.0     0.633723
      17764.0     0.635017
      17765.0     0.619377
      17766.0     0.603737
      17767.0     0.597594
      17768.0     0.596130
      17769.0     0.594666
      17770.0     0.593202
      17771.0     0.589549
      17772.0     0.585600
      17773.0     0.581651
      17774.0     0.593579
      17775.0     0.582380
      17776.0     0.570511
      17777.0     0.558642
      17778.0     0.554699
      17779.0     0.553828
      17780.0     0.552956
      17781.0     0.552085
      17782.0     0.557934
      17783.0     0.547248
      17784.0     0.536562
      17785.0     0.528482
      17786.0     0.524857
      17787.0     0.521231
      17788.0     0.517605
      17789.0     0.513751
      17790.0     0.509800
      17791.0     0.505849
      17792.0     0.501930
      17793.0     0.498626
      17794.0     0.495321
      17795.0     0.492017
      17796.0     0.502308
      17797.0     0.496717
      17798.0     0.491127
      17799.0     0.485537
      17800.0     0.478832
      17801.0     0.467006
      17802.0     0.455179
      17803.0     0.445904
      17804.0     0.443213
      17805.0     0.440522
      17806.0     0.437830
      17807.0     0.450981
      17808.0     0.439113
      17809.0     0.427244
      17810.0     0.416856
      17811.0     0.425279
      17812.0     0.416123
      17813.0     0.406967
      17814.0     0.400429
      17815.0     0.398364
      17816.0     0.396299
      17817.0     0.394234
      17818.0     0.399532
      17819.0     0.391131
      17820.0     0.382731
      17821.0     0.374497
      17822.0     0.371813
      17823.0     0.369129
      17824.0     0.366445
      17825.0     0.375564
      17826.0     0.365273
      17827.0     0.354981
      17828.0     0.344690
      17829.0     0.340805
      17830.0     0.338735
      17831.0     0.336664
      17832.0     0.336555
      17833.0     0.339406
      17834.0     0.336099
      17835.0     0.332793
      17836.0     0.327858
      17837.0     0.317172
      17838.0     0.306486
      17839.0     0.295800
      17840.0     0.294215
      17841.0     0.293637
      17842.0     0.293058
      17843.0     0.296558
      17844.0     0.298023
      17845.0     0.290330
      17846.0     0.282637
      17847.0     0.286358
      17848.0     0.279742
      17849.0     0.273127
      17850.0     0.266511
      17851.0     0.263706
      17852.0     0.262238
      17853.0     0.260770
      17854.0     0.259302
      17855.0     0.266319
      17856.0     0.262693
      17857.0     0.259067
      17858.0     0.255978
      17859.0     0.247194
      17860.0     0.238411
      17861.0     0.229627
      17862.0     0.236002
      17863.0     0.227223
      17864.0     0.218445
      17865.0     0.210377
      17866.0     0.209505
      17867.0     0.208633
      17868.0     0.207762
      17869.0     0.213994
      17870.0     0.208060
      17871.0     0.202127
      17872.0     0.196194
      17873.0     0.200469
      17874.0     0.200468
      17875.0     0.200467
      17876.0     0.200466
      17877.0     0.196358
      17878.0     0.189724
      17879.0     0.183090
      17880.0     0.184387
      17881.0     0.181579
      17882.0     0.176973
      17883.0     0.172368
      17884.0     0.168782
      17885.0     0.167017
      17886.0     0.165251
      17887.0     0.163485
      17888.0     0.167045
      17889.0     0.162116
      17890.0     0.157187
      17891.0     0.152258
      17892.0     0.157315
      17893.0     0.151382
      17894.0     0.145448
      17895.0     0.140424
      17896.0     0.139553
      17897.0     0.138682
      17898.0     0.137810
      17899.0     0.139254
      17900.0     0.134989
      17901.0     0.130725
      17902.0     0.126461
      17903.0     0.130639
      17904.0     0.126690
      17905.0     0.122741
      17906.0     0.118791
      17907.0     0.121483
      17908.0     0.118487
      17909.0     0.115490
      17910.0     0.116033
      17911.0     0.113654
      17912.0     0.111276
      17913.0     0.108897
      17914.0     0.107865
      17915.0     0.106100
      17916.0     0.104335
      17917.0     0.102570
      17918.0     0.101445
      17919.0     0.100867
      17920.0     0.100288
      17921.0    0.0997100
      17922.0    0.0987191
      17923.0    0.0975509
      17924.0    0.0963826
      17925.0    0.0952144
      17926.0    0.0940493
      17927.0    0.0928847
      17928.0    0.0917200
      17929.0    0.0967575
      17930.0    0.0924313
      17931.0    0.0875024
      17932.0    0.0825735
      17933.0    0.0794575
      17934.0    0.0791695
      17935.0    0.0788815
      17936.0    0.0785936
      17937.0    0.0786512
      17938.0    0.0768902
      17939.0    0.0751293
      17940.0    0.0733684
      17941.0    0.0738735
      17942.0    0.0721089
      17943.0    0.0703444
      17944.0    0.0685798
      17945.0    0.0682021
      17946.0    0.0679137
      17947.0    0.0676253
      17948.0    0.0683661
      17949.0    0.0669029
      17950.0    0.0654397
      17951.0    0.0639765
      17952.0    0.0647149
      17953.0    0.0629494
      17954.0    0.0611839
      17955.0    0.0594185
      17956.0    0.0582117
      17957.0    0.0576333
      17958.0    0.0570549
      17959.0    0.0564765
      17960.0    0.0582093
      17961.0    0.0558308
      17962.0    0.0534522
      17963.0    0.0510737
      17964.0    0.0519866
      17965.0    0.0508189
      17966.0    0.0496513
      17967.0    0.0490495
      17968.0    0.0487409
      17969.0    0.0478692
      17970.0    0.0469975
      17971.0    0.0461263
      17972.0    0.0452571
      17973.0    0.0443880
      17974.0    0.0435188
      17975.0    0.0428467
      17976.0    0.0425576
      17977.0    0.0422685
      17978.0    0.0419794
      17979.0    0.0416907
      17980.0    0.0414026
      17981.0    0.0411145
      17982.0    0.0408264
      17983.0    0.0403553
      17984.0    0.0397772
      17985.0    0.0391991
      17986.0    0.0386209
      17987.0    0.0382711
      17988.0    0.0379822
      17989.0    0.0376933
      17990.0    0.0374045
      17991.0    0.0368436
      17992.0    0.0362652
      17993.0    0.0356868
      17994.0    0.0351373
      17995.0    0.0348489
      17996.0    0.0345605
      17997.0    0.0342721
      17998.0    0.0359786
      17999.0    0.0345109
      18000.0    0.0330431
      18001.0    0.0315754
      18002.0    0.0304811
      18003.0    0.0299027
      18004.0    0.0293243
      18005.0    0.0287459
      18006.0    0.0281675
      18007.0    0.0275891
      18008.0    0.0270107
      18009.0    0.0264322
      18010.0    0.0260687
      18011.0    0.0257806
      18012.0    0.0254925
      18013.0    0.0252043
      18014.0    0.0255291
      18015.0    0.0246578
      18016.0    0.0237864
      18017.0    0.0229377
      18018.0    0.0226486
      18019.0    0.0223595
      18020.0    0.0220703
      18021.0    0.0217814
      18022.0    0.0214933
      18023.0    0.0212052
      18024.0    0.0209170
      18025.0    0.0206289
      18026.0    0.0203408
      18027.0    0.0200526
      18028.0    0.0197645
      18029.0    0.0194760
      18030.0    0.0191870
      18031.0    0.0188980
      18032.0    0.0186091
      18033.0    0.0184985
      18034.0    0.0184977
      18035.0    0.0184970
      18036.0    0.0184962
      18037.0    0.0180678
      18038.0    0.0174894
      18039.0    0.0169110
      18040.0    0.0163326
      18041.0    0.0162741
      18042.0    0.0162730
      18043.0    0.0162720
      18044.0    0.0162710
      18045.0    0.0162699
      18046.0    0.0162689
      18047.0    0.0162679
      18048.0    0.0161744
      18049.0    0.0155963
      18050.0    0.0150181
      18051.0    0.0144400
      18052.0    0.0140467
      18053.0    0.0140456
      18054.0    0.0140446
      18055.0    0.0140436
      18056.0    0.0139161
      18057.0    0.0136272
      18058.0    0.0133383
      18059.0    0.0130495
      18060.0    0.0129304
      18061.0    0.0129294
      18062.0    0.0129283
      18063.0    0.0129273
      18064.0    0.0127217
      18065.0    0.0124330
      18066.0    0.0121443
      18067.0    0.0118556
      18068.0    0.0115672
      18069.0    0.0112788
      18070.0    0.0109904
      18071.0    0.0107020
      18072.0    0.0107012
      18073.0    0.0107005
      18074.0    0.0106997
      18075.0    0.0106989
      18076.0    0.0106978
      18077.0    0.0106968
      18078.0    0.0106958
      18079.0    0.0106230
      18080.0    0.0103348
      18081.0    0.0100467
      18082.0   0.00975858
      18083.0   0.00958260
      18084.0   0.00958156
      18085.0   0.00958053
      18086.0   0.00957950
      18087.0   0.00942931
      18088.0   0.00914118
      18089.0   0.00885305
      18090.0   0.00856492
      18091.0   0.00846632
      18092.0   0.00846528
      18093.0   0.00846425
      18094.0   0.00846322
      18095.0   0.00823565
      18096.0   0.00794752
      18097.0   0.00765939
      18098.0   0.00737126
      18099.0   0.00735004
      18100.0   0.00734900
      18101.0   0.00734797
      18102.0   0.00734694
      18103.0   0.00734590
      18104.0   0.00734487
      18105.0   0.00734384
      18106.0   0.00728841
      18107.0   0.00700028
      18108.0   0.00671215
      18109.0   0.00642402
      18110.0   0.00623066
      18111.0   0.00622963
      18112.0   0.00622859
      18113.0   0.00622756
      18114.0   0.00609426
      18115.0   0.00580627
      18116.0   0.00551829
      18117.0   0.00523031
      18118.0   0.00511438
      18119.0   0.00511335
      18120.0   0.00511231
      18121.0   0.00511128
      18122.0   0.00511024
      18123.0   0.00510921
      18124.0   0.00510818
