6300.0 0.00156546
6310.0 0.0015158675000000001
6320.0 0.00146616
6330.0 0.0014789875000000001
6340.0 0.001490175
6350.0 0.0015482879999999999
6360.0 0.0016065270000000002
6370.0 0.001654565
6380.0 0.001702706
6390.0 0.0017624895
6400.0 0.0018243000000000003
6410.0 0.0018961545
6420.0 0.001968164
6430.0 0.002029944
6440.0 0.002091856
6450.0 0.0021561625000000003
6460.0 0.002220606
6470.0 0.0022479995
6480.0 0.002275448
6490.0 0.0023138595
6500.0 0.002349765
6510.0 0.002366
6520.0 0.0023822649999999997
6530.0 0.002431392
6540.0 0.0024806209999999997
6550.0 0.002521269
6560.0 0.002562
6570.0 0.002596402
6580.0 0.002630873
6590.0 0.002661741
6600.0 0.00269267
6610.0 0.00275586
6620.0 0.0028191809999999996
6630.0 0.002955932
6640.0 0.0030929729999999997
6650.0 0.003324646
6660.0 0.0035601720000000003
6670.0 0.004019125
6680.0 0.004479062
6690.0 0.005315418000000001
6700.0 0.006153567999999999
6710.0 0.0078170705
6720.0 0.00948414
6730.0 0.0124870375
6740.0 0.015529618
6750.0 0.020875378500000003
6760.0 0.02602666
6770.0 0.034410168
6780.0 0.04276584
6790.0 0.054946617
6800.0 0.067153296
6810.0 0.08508597999999999
6820.0 0.103128492
6830.0 0.1276896
6840.0 0.152301791
6850.0 0.18227124
6860.0 0.199709848
6870.0 0.21852381600000004
6880.0 0.25055763899999994
6890.0 0.289635248
6900.0 0.333103452
6910.0 0.377507281
6920.0 0.42123364199999996
6930.0 0.45981033600000004
6940.0 0.49553456399999996
6950.0 0.530096437
6960.0 0.565611431
6970.0 0.602232926
6980.0 0.636490965
6990.0 0.666723908
7000.0 0.6975
7010.0 0.723326485
7020.0 0.74920684
7030.0 0.7658073329999999
7040.0 0.782440754
7050.0 0.79250367
7060.0 0.8025665860000001
7070.0 0.8110320900000001
7080.0 0.82039035
7090.0 0.8336399959999999
7100.0 0.84601503
7110.0 0.8604517879999999
7120.0 0.873956766
7130.0 0.88703916
7140.0 0.900121554
7150.0 0.906994324
7160.0 0.9039891299999999
7170.0 0.882203282
7180.0 0.862344453
7190.0 0.8481006459999999
7200.0 0.8544276239999998
7210.0 0.8729503999999999
7220.0 0.8894819500000001
7230.0 0.8755605
7240.0 0.86359332
7250.0 0.8703327780000001
7260.0 0.8800407840000001
7270.0 0.8872335359999999
7280.0 0.893458814
7290.0 0.898722272
7300.0 0.905
7310.0 0.90689872
7320.0 0.9117429119999999
7330.0 0.9149411839999999
7340.0 0.913100976
7350.0 0.907816244
7360.0 0.902517165
7370.0 0.9011162159999999
7380.0 0.9006694759999999
7390.0 0.90372634
7400.0 0.9058263609999999
7410.0 0.9080314800000001
7420.0 0.909273978
7430.0 0.913557654
7440.0 0.916875128
7450.0 0.913557654
7460.0 0.910239237
7470.0 0.90878796
7480.0 0.908298864
7490.0 0.904710884
7500.0 0.901100544
7510.0 0.898911612
7520.0 0.89672268
7530.0 0.8922414839999999
7540.0 0.887760288
7550.0 0.886505503
7560.0 0.8889734520000001
7570.0 0.8804281919999999
7580.0 0.8277705000000001
7590.0 0.687271
7600.0 0.439884698
7610.0 0.384515635
7620.0 0.48029999500000004
7630.0 0.48538944000000006
7640.0 0.518756355
7650.0 0.6087721779999999
7660.0 0.696257072
7670.0 0.76823586
7680.0 0.8121728279999999
7690.0 0.832741329
7700.0 0.84160864
7710.0 0.8459759499999999
7720.0 0.846761466
7730.0 0.8388796399999999
7740.0 0.8300890639999999
7750.0 0.8220811899999999
7760.0 0.8081148740000001
7770.0 0.792752978
7780.0 0.7800164119999999
7790.0 0.7911448
7800.0 0.7989652939999999
7810.0 0.797584956
7820.0 0.794542208
7830.0 0.798333014
7840.0 0.8021247779999999
7850.0 0.796237398
7860.0 0.790360572
7870.0 0.7836900199999999
7880.0 0.7770448999999999
7890.0 0.7644922660000001
7900.0 0.755190072
7910.0 0.7491595499999999
7920.0 0.7430959760000001
7930.0 0.738952388
7940.0 0.7347984660000001
7950.0 0.733990096
7960.0 0.7339513679999999
7970.0 0.738637898
7980.0 0.7425592560000001
7990.0 0.7411959900000001
8000.0 0.738281712
8010.0 0.734578077
8020.0 0.732420248
8030.0 0.7209077120000001
8040.0 0.710140339
8050.0 0.7030213399999999
8060.0 0.694412015
8070.0 0.684560826
8080.0 0.674727812
8090.0 0.672763168
8100.0 0.670802115
8110.0 0.671916804
8120.0 0.670162321
8130.0 0.66171968
8140.0 0.6518272199999999
8150.0 0.642598922
8160.0 0.6354728679999999
8170.0 0.6275940160000001
8180.0 0.626092474
8190.0 0.627584256
8200.0 0.6324782099999999
8210.0 0.633681746
8220.0 0.611529078
8230.0 0.5975791679999999
8240.0 0.614309997
8250.0 0.625447284
8260.0 0.6256657070000001
8270.0 0.6113671679999999
8280.0 0.59853261
8290.0 0.589176735
8300.0 0.5842575700000001
8310.0 0.578571808
8320.0 0.569083936
8330.0 0.569897496
8340.0 0.5725261410000001
8350.0 0.571924395
8360.0 0.569467392
8370.0 0.5505116999999999
8380.0 0.531470184
8390.0 0.50196141
8400.0 0.47232422799999996
8410.0 0.46408662300000003
8420.0 0.455829812
8430.0 0.49753729999999996
8440.0 0.539806715
8450.0 0.46244831999999997
8460.0 0.384528
8470.0 0.23900832
8480.0 0.093585063
8490.0 0.058506160499999994
8500.0 0.023427258
8510.0 0.015946834
8520.0 0.0084576
8530.0 0.0063739935
8540.0 0.004299197
8550.0 0.0035622055000000003
8560.0 0.0028281599999999997
8570.0 0.0025598820000000003
8580.0 0.0022904640000000003
8590.0 0.002127825
8600.0 0.001966878
8610.0 0.0015805615000000002
8620.0 0.0011954799999999999
8630.0 0.0009738079999999999
8640.0 0.000752136
8650.0 0.0007001025000000001
8660.0 0.000647292
8670.0 0.000637947
