2900.000000 0.000000
2910.000000 0.000000
2920.000000 0.000000
2930.000000 0.000000
2940.000000 0.000000
2950.000000 0.000000
2960.000000 0.000000
2970.000000 0.000000
2980.000000 0.000000
2990.000000 0.000000
3000.000000 0.000000
3010.000000 0.000000
3020.000000 0.000000
3030.000000 0.000000
3040.000000 0.000000
3050.000000 0.000000
3060.000000 0.000000
3070.000000 0.000000
3080.000000 0.000000
3090.000000 0.000000
3100.000000 0.000000
3110.000000 0.000000
3120.000000 0.000000
3130.000000 0.000000
3140.000000 0.000000
3150.000000 0.000000
3160.000000 0.000000
3170.000000 0.000000
3180.000000 0.000000
3190.000000 0.000000
3200.000000 0.000000
3210.000000 0.000000
3220.000000 0.000000
3230.000000 0.000000
3240.000000 0.000000
3250.000000 0.000000
3260.000000 0.000000
3270.000000 0.000000
3280.000000 0.000000
3290.000000 0.000000
3300.000000 0.000000
3310.000000 0.000000
3320.000000 0.000000
3330.000000 0.000000
3340.000000 0.000000
3350.000000 0.000000
3360.000000 0.000000
3370.000000 0.000000
3380.000000 0.000000
3390.000000 0.000000
3400.000000 0.000000
3410.000000 0.000000
3420.000000 0.000000
3430.000000 0.000000
3440.000000 0.000000
3450.000000 0.000000
3460.000000 0.000000
3470.000000 0.000000
3480.000000 0.000000
3490.000000 0.000000
3500.000000 0.000000
3510.000000 0.000000
3520.000000 0.000000
3530.000000 0.000000
3540.000000 0.000000
3550.000000 0.000000
3560.000000 0.000000
3570.000000 0.000000
3580.000000 0.000000
3590.000000 0.000000
3600.000000 0.000000
3610.000000 0.000000
3620.000000 0.000000
3630.000000 0.000000
3640.000000 0.000000
3650.000000 0.000000
3660.000000 0.000000
3670.000000 0.000000
3680.000000 0.000000
3690.000000 0.000000
3700.000000 0.000000
3710.000000 0.000000
3720.000000 0.000000
3730.000000 0.000000
3740.000000 0.000000
3750.000000 0.000000
3760.000000 0.000000
3770.000000 0.000000
3780.000000 0.000000
3790.000000 0.000000
3800.000000 0.000000
3810.000000 0.000000
3820.000000 0.000000
3830.000000 0.000000
3840.000000 0.000000
3850.000000 0.000000
3860.000000 0.000000
3870.000000 0.000000
3880.000000 0.000000
3890.000000 0.000000
3900.000000 0.000000
3910.000000 0.000000
3920.000000 0.000000
3930.000000 0.000000
3940.000000 0.000000
3950.000000 0.000000
3960.000000 0.000000
3970.000000 0.000000
3980.000000 0.000000
3990.000000 0.000000
4000.000000 0.000000
4010.000000 0.000000
4020.000000 0.000000
4030.000000 0.000000
4040.000000 0.000000
4050.000000 0.000000
4060.000000 0.000000
4070.000000 0.000000
4080.000000 0.000000
4090.000000 0.000000
4100.000000 0.000000
4110.000000 0.000000
4120.000000 0.000000
4130.000000 0.000000
4140.000000 0.000000
4150.000000 0.000000
4160.000000 0.000000
4170.000000 0.000000
4180.000000 0.000000
4190.000000 0.000000
4200.000000 0.000000
4210.000000 0.000000
4220.000000 0.000000
4230.000000 0.000000
4240.000000 0.000000
4250.000000 0.000000
4260.000000 0.000000
4270.000000 0.000000
4280.000000 0.000000
4290.000000 0.000000
4300.000000 0.000000
4310.000000 0.000000
4320.000000 0.000000
4330.000000 0.000000
4340.000000 0.000000
4350.000000 0.000000
4360.000000 0.000000
4370.000000 0.000000
4380.000000 0.000000
4390.000000 0.000000
4400.000000 0.000000
4410.000000 0.000000
4420.000000 0.000000
4430.000000 0.000000
4440.000000 0.000000
4450.000000 0.000000
4460.000000 0.000000
4470.000000 0.000000
4480.000000 0.000000
4490.000000 0.000000
4500.000000 0.000000
4510.000000 0.000000
4520.000000 0.000000
4530.000000 0.000000
4540.000000 0.000000
4550.000000 0.000000
4560.000000 0.000000
4570.000000 0.000000
4580.000000 0.000000
4590.000000 0.000000
4600.000000 0.000000
4610.000000 0.000000
4620.000000 0.000000
4630.000000 0.000000
4640.000000 0.000000
4650.000000 0.000000
4660.000000 0.000000
4670.000000 0.000000
4680.000000 0.000000
4690.000000 0.000000
4700.000000 0.000000
4710.000000 0.000000
4720.000000 0.000000
4730.000000 0.010579
4740.000000 0.017660
4750.000000 0.023363
4760.000000 0.026792
4770.000000 0.030862
4780.000000 0.039449
4790.000000 0.055239
4800.000000 0.079521
4810.000000 0.111226
4820.000000 0.147453
4830.000000 0.185267
4840.000000 0.224763
4850.000000 0.265026
4860.000000 0.304379
4870.000000 0.341004
4880.000000 0.374598
4890.000000 0.406179
4900.000000 0.435634
4910.000000 0.463440
4920.000000 0.492385
4930.000000 0.522558
4940.000000 0.554579
4950.000000 0.587854
4960.000000 0.620185
4970.000000 0.649054
4980.000000 0.675469
4990.000000 0.698604
5000.000000 0.721345
5010.000000 0.741611
5020.000000 0.759702
5030.000000 0.776766
5040.000000 0.792851
5050.000000 0.808713
5060.000000 0.824829
5070.000000 0.841256
5080.000000 0.856013
5090.000000 0.868894
5100.000000 0.879806
5110.000000 0.891116
5120.000000 0.901884
5130.000000 0.912168
5140.000000 0.921247
5150.000000 0.928951
5160.000000 0.934627
5170.000000 0.938998
5180.000000 0.944190
5190.000000 0.950041
5200.000000 0.954761
5210.000000 0.957182
5220.000000 0.957334
5230.000000 0.956329
5240.000000 0.953977
5250.000000 0.953064
5260.000000 0.954034
5270.000000 0.955312
5280.000000 0.956770
5290.000000 0.957139
5300.000000 0.954764
5310.000000 0.951567
5320.000000 0.947568
5330.000000 0.944484
5340.000000 0.942767
5350.000000 0.941735
5360.000000 0.939730
5370.000000 0.936757
5380.000000 0.932030
5390.000000 0.926083
5400.000000 0.918924
5410.000000 0.911010
5420.000000 0.903704
5430.000000 0.896697
5440.000000 0.888824
5450.000000 0.881634
5460.000000 0.875007
5470.000000 0.869987
5480.000000 0.864708
5490.000000 0.860924
5500.000000 0.857332
5510.000000 0.852919
5520.000000 0.847242
5530.000000 0.840439
5540.000000 0.833220
5550.000000 0.825156
5560.000000 0.817176
5570.000000 0.808660
5580.000000 0.799822
5590.000000 0.789358
5600.000000 0.777112
5610.000000 0.763621
5620.000000 0.749118
5630.000000 0.734525
5640.000000 0.720087
5650.000000 0.706560
5660.000000 0.694290
5670.000000 0.683357
5680.000000 0.673785
5690.000000 0.665191
5700.000000 0.657428
5710.000000 0.649516
5720.000000 0.642172
5730.000000 0.635626
5740.000000 0.628635
5750.000000 0.621733
5760.000000 0.614289
5770.000000 0.605763
5780.000000 0.596208
5790.000000 0.585882
5800.000000 0.574993
5810.000000 0.563291
5820.000000 0.551304
5830.000000 0.539877
5840.000000 0.527612
5850.000000 0.515216
5860.000000 0.502906
5870.000000 0.489547
5880.000000 0.475710
5890.000000 0.461762
5900.000000 0.446842
5910.000000 0.431566
5920.000000 0.415644
5930.000000 0.400030
5940.000000 0.384385
5950.000000 0.369369
5960.000000 0.355418
5970.000000 0.342494
5980.000000 0.330813
5990.000000 0.320718
6000.000000 0.312033
6010.000000 0.304859
6020.000000 0.298698
6030.000000 0.293235
6040.000000 0.288139
6050.000000 0.282884
6060.000000 0.277291
6070.000000 0.271142
6080.000000 0.264344
6090.000000 0.256812
6100.000000 0.248633
6110.000000 0.239794
6120.000000 0.230573
6130.000000 0.220735
6140.000000 0.210219
6150.000000 0.199494
6160.000000 0.188247
6170.000000 0.176905
6180.000000 0.165867
6190.000000 0.155269
6200.000000 0.145272
6210.000000 0.136134
6220.000000 0.127780
6230.000000 0.120312
6240.000000 0.113625
6250.000000 0.107572
6260.000000 0.102002
6270.000000 0.096806
6280.000000 0.091830
6290.000000 0.086984
6300.000000 0.082295
6310.000000 0.077734
6320.000000 0.073308
6330.000000 0.069063
6340.000000 0.065083
6350.000000 0.061371
6360.000000 0.057967
6370.000000 0.054804
6380.000000 0.051865
6390.000000 0.049139
6400.000000 0.046475
6410.000000 0.043855
6420.000000 0.041102
6430.000000 0.038114
6440.000000 0.034751
6450.000000 0.031040
6460.000000 0.027009
6470.000000 0.022907
6480.000000 0.018892
6490.000000 0.015158
6500.000000 0.011970
6510.000000 0.000000
6520.000000 0.000000
6530.000000 0.000000
6540.000000 0.000000
6550.000000 0.000000
6560.000000 0.000000
6570.000000 0.000000
6580.000000 0.000000
6590.000000 0.000000
6600.000000 0.000000
6610.000000 0.000000
6620.000000 0.000000
6630.000000 0.000000
6640.000000 0.000000
6650.000000 0.000000
6660.000000 0.000000
6670.000000 0.000000
6680.000000 0.000000
6690.000000 0.000000
6700.000000 0.000000
6710.000000 0.000000
6720.000000 0.000000
6730.000000 0.000000
6740.000000 0.000000
6750.000000 0.000000
6760.000000 0.000000
6770.000000 0.000000
6780.000000 0.000000
6790.000000 0.000000
6800.000000 0.000000
6810.000000 0.000000
6820.000000 0.000000
6830.000000 0.000000
6840.000000 0.000000
6850.000000 0.000000
6860.000000 0.000000
6870.000000 0.000000
6880.000000 0.000000
6890.000000 0.000000
6900.000000 0.000000
6910.000000 0.000000
6920.000000 0.000000
6930.000000 0.000000
6940.000000 0.000000
6950.000000 0.000000
6960.000000 0.000000
6970.000000 0.000000
6980.000000 0.000000
6990.000000 0.000000
7000.000000 0.000000
7010.000000 0.000000
7020.000000 0.000000
7030.000000 0.000000
7040.000000 0.000000
7050.000000 0.000000
7060.000000 0.000000
7070.000000 0.000000
7080.000000 0.000000
7090.000000 0.000000
7100.000000 0.000000
7110.000000 0.000000
7120.000000 0.000000
7130.000000 0.000000
7140.000000 0.000000
7150.000000 0.000000
7160.000000 0.000000
7170.000000 0.000000
7180.000000 0.000000
7190.000000 0.000000
7200.000000 0.000000
7210.000000 0.000000
7220.000000 0.000000
7230.000000 0.000000
7240.000000 0.000000
7250.000000 0.000000
7260.000000 0.000000
7270.000000 0.000000
7280.000000 0.000000
7290.000000 0.000000
7300.000000 0.000000
7310.000000 0.000000
7320.000000 0.000000
7330.000000 0.000000
7340.000000 0.000000
7350.000000 0.000000
7360.000000 0.000000
7370.000000 0.000000
7380.000000 0.000000
7390.000000 0.000000
7400.000000 0.000000
7410.000000 0.000000
7420.000000 0.000000
7430.000000 0.000000
7440.000000 0.000000
7450.000000 0.000000
7460.000000 0.000000
7470.000000 0.000000
7480.000000 0.000000
7490.000000 0.000000
7500.000000 0.000000
7510.000000 0.000000
7520.000000 0.000000
7530.000000 0.000000
7540.000000 0.000000
7550.000000 0.000000
7560.000000 0.000000
7570.000000 0.000000
7580.000000 0.000000
7590.000000 0.000000
7600.000000 0.000000
7610.000000 0.000000
7620.000000 0.000000
7630.000000 0.000000
7640.000000 0.000000
7650.000000 0.000000
7660.000000 0.000000
7670.000000 0.000000
7680.000000 0.000000
7690.000000 0.000000
7700.000000 0.000000
7710.000000 0.000000
7720.000000 0.000000
7730.000000 0.000000
7740.000000 0.000000
7750.000000 0.000000
7760.000000 0.000000
7770.000000 0.000000
7780.000000 0.000000
7790.000000 0.000000
7800.000000 0.000000
7810.000000 0.000000
7820.000000 0.000000
7830.000000 0.000000
7840.000000 0.000000
7850.000000 0.000000
7860.000000 0.000000
7870.000000 0.000000
7880.000000 0.000000
7890.000000 0.000000
7900.000000 0.000000
7910.000000 0.000000
7920.000000 0.000000
7930.000000 0.000000
7940.000000 0.000000
7950.000000 0.000000
7960.000000 0.000000
7970.000000 0.000000
7980.000000 0.000000
7990.000000 0.000000
8000.000000 0.000000
8010.000000 0.000000
8020.000000 0.000000
8030.000000 0.000000
8040.000000 0.000000
8050.000000 0.000000
8060.000000 0.000000
8070.000000 0.000000
8080.000000 0.000000
8090.000000 0.000000
8100.000000 0.000000
8110.000000 0.000000
8120.000000 0.000000
8130.000000 0.000000
8140.000000 0.000000
8150.000000 0.000000
8160.000000 0.000000
8170.000000 0.000000
8180.000000 0.000000
8190.000000 0.000000
8200.000000 0.000000
8210.000000 0.000000
8220.000000 0.000000
8230.000000 0.000000
8240.000000 0.000000
8250.000000 0.000000
8260.000000 0.000000
8270.000000 0.000000
8280.000000 0.000000
8290.000000 0.000000
8300.000000 0.000000
8310.000000 0.000000
8320.000000 0.000000
8330.000000 0.000000
8340.000000 0.000000
8350.000000 0.000000
8360.000000 0.000000
8370.000000 0.000000
8380.000000 0.000000
8390.000000 0.000000
8400.000000 0.000000
8410.000000 0.000000
8420.000000 0.000000
8430.000000 0.000000
8440.000000 0.000000
8450.000000 0.000000
8460.000000 0.000000
8470.000000 0.000000
8480.000000 0.000000
8490.000000 0.000000
8500.000000 0.000000
8510.000000 0.000000
8520.000000 0.000000
8530.000000 0.000000
8540.000000 0.000000
8550.000000 0.000000
8560.000000 0.000000
8570.000000 0.000000
8580.000000 0.000000
8590.000000 0.000000
8600.000000 0.000000
8610.000000 0.000000
8620.000000 0.000000
8630.000000 0.000000
8640.000000 0.000000
8650.000000 0.000000
8660.000000 0.000000
8670.000000 0.000000
8680.000000 0.000000
8690.000000 0.000000
8700.000000 0.000000
8710.000000 0.000000
8720.000000 0.000000
8730.000000 0.000000
8740.000000 0.000000
8750.000000 0.000000
8760.000000 0.000000
8770.000000 0.000000
8780.000000 0.000000
8790.000000 0.000000
8800.000000 0.000000
8810.000000 0.000000
8820.000000 0.000000
8830.000000 0.000000
8840.000000 0.000000
8850.000000 0.000000
8860.000000 0.000000
8870.000000 0.000000
8880.000000 0.000000
8890.000000 0.000000
8900.000000 0.000000
8910.000000 0.000000
8920.000000 0.000000
8930.000000 0.000000
8940.000000 0.000000
8950.000000 0.000000
8960.000000 0.000000
8970.000000 0.000000
8980.000000 0.000000
8990.000000 0.000000
9000.000000 0.000000
9010.000000 0.000000
9020.000000 0.000000
9030.000000 0.000000
9040.000000 0.000000
9050.000000 0.000000
9060.000000 0.000000
9070.000000 0.000000
9080.000000 0.000000
9090.000000 0.000000
9100.000000 0.000000
9110.000000 0.000000
9120.000000 0.000000
9130.000000 0.000000
9140.000000 0.000000
9150.000000 0.000000
9160.000000 0.000000
9170.000000 0.000000
9180.000000 0.000000
9190.000000 0.000000
9200.000000 0.000000
9210.000000 0.000000
9220.000000 0.000000
9230.000000 0.000000
9240.000000 0.000000
9250.000000 0.000000
9260.000000 0.000000
9270.000000 0.000000
9280.000000 0.000000
9290.000000 0.000000
9300.000000 0.000000
9310.000000 0.000000
9320.000000 0.000000
9330.000000 0.000000
9340.000000 0.000000
9350.000000 0.000000
9360.000000 0.000000
9370.000000 0.000000
9380.000000 0.000000
9390.000000 0.000000
9400.000000 0.000000
9410.000000 0.000000
9420.000000 0.000000
9430.000000 0.000000
9440.000000 0.000000
9450.000000 0.000000
9460.000000 0.000000
9470.000000 0.000000
9480.000000 0.000000
9490.000000 0.000000
9500.000000 0.000000
9510.000000 0.000000
9520.000000 0.000000
9530.000000 0.000000
9540.000000 0.000000
9550.000000 0.000000
9560.000000 0.000000
9570.000000 0.000000
9580.000000 0.000000
9590.000000 0.000000
9600.000000 0.000000
9610.000000 0.000000
9620.000000 0.000000
9630.000000 0.000000
9640.000000 0.000000
9650.000000 0.000000
9660.000000 0.000000
9670.000000 0.000000
9680.000000 0.000000
9690.000000 0.000000
9700.000000 0.000000
9710.000000 0.000000
9720.000000 0.000000
9730.000000 0.000000
9740.000000 0.000000
9750.000000 0.000000
9760.000000 0.000000
9770.000000 0.000000
9780.000000 0.000000
9790.000000 0.000000
9800.000000 0.000000
9810.000000 0.000000
9820.000000 0.000000
9830.000000 0.000000
9840.000000 0.000000
9850.000000 0.000000
9860.000000 0.000000
9870.000000 0.000000
9880.000000 0.000000
9890.000000 0.000000
9900.000000 0.000000
9910.000000 0.000000
9920.000000 0.000000
9930.000000 0.000000
9940.000000 0.000000
9950.000000 0.000000
9960.000000 0.000000
9970.000000 0.000000
9980.000000 0.000000
9990.000000 0.000000
10000.000000 0.000000
10010.000000 0.000000
10020.000000 0.000000
10030.000000 0.000000
10040.000000 0.000000
10050.000000 0.000000
10060.000000 0.000000
10070.000000 0.000000
10080.000000 0.000000
10090.000000 0.000000
10100.000000 0.000000
10110.000000 0.000000
10120.000000 0.000000
10130.000000 0.000000
10140.000000 0.000000
10150.000000 0.000000
10160.000000 0.000000
10170.000000 0.000000
10180.000000 0.000000
10190.000000 0.000000
10200.000000 0.000000
10210.000000 0.000000
10220.000000 0.000000
10230.000000 0.000000
10240.000000 0.000000
10250.000000 0.000000
10260.000000 0.000000
10270.000000 0.000000
10280.000000 0.000000
10290.000000 0.000000
10300.000000 0.000000
10310.000000 0.000000
10320.000000 0.000000
10330.000000 0.000000
10340.000000 0.000000
10350.000000 0.000000
10360.000000 0.000000
10370.000000 0.000000
10380.000000 0.000000
10390.000000 0.000000
10400.000000 0.000000
10410.000000 0.000000
10420.000000 0.000000
10430.000000 0.000000
10440.000000 0.000000
10450.000000 0.000000
10460.000000 0.000000
10470.000000 0.000000
10480.000000 0.000000
10490.000000 0.000000
10500.000000 0.000000
10510.000000 0.000000
10520.000000 0.000000
10530.000000 0.000000
10540.000000 0.000000
10550.000000 0.000000
10560.000000 0.000000
10570.000000 0.000000
10580.000000 0.000000
10590.000000 0.000000
10600.000000 0.000000
