 11050. 0.
 11060. 6.151036359369754E-5
 11070. 1.312545646214858E-4
 11080. 2.254580322187394E-4
 11090. 3.171845455653965E-4
 11100. 4.799092712346465E-4
 11110. 6.180507480166852E-4
 11120. 8.433880284428596E-4
 11130. 0.001177874160930514
 11140. 0.001433733734302223
 11150. 0.002676384057849646
 11160. 0.003523646388202906
 11170. 0.003305551595985889
 11180. 0.0060266456566751
 11190. 0.006819026079028844
 11200. 0.007717152591794729
 11210. 0.01039573084563017
 11220. 0.01102958526462316
 11230. 0.008825546130537986
 11240. 0.01455407869070768
 11250. 0.02477517537772655
 11260. 0.015047044493258
 11270. 0.03468599170446396
 11280. 0.03406072407960892
 11290. 0.04767026007175446
 11300. 0.04652491584420205
 11310. 0.08044318854808807
 11320. 0.1049827337265015
 11330. 0.1039809659123421
 11340. 0.0748060792684555
 11350. 0.04132285341620446
 11360. 0.1201557368040085
 11370. 0.188909038901329
 11380. 0.2211495041847229
 11390. 0.2447464168071747
 11400. 0.3055121898651123
 11410. 0.3056447803974152
 11420. 0.3262653648853302
 11430. 0.4017650187015534
 11440. 0.393792450428009
 11450. 0.3211504518985748
 11460. 0.3673818111419678
 11470. 0.3233656883239746
 11480. 0.3657647371292114
 11490. 0.4948045611381531
 11500. 0.4055179059505463
 11510. 0.5115773677825927
 11520. 0.53862065076828
 11530. 0.4664115011692048
 11540. 0.5432386398315429
 11550. 0.5543561577796936
 11560. 0.5744768977165222
 11570. 0.6478819847106933
 11580. 0.6037726402282714
 11590. 0.6461098194122314
 11600. 0.6583921909332275
 11610. 0.6367489099502563
 11620. 0.6857435703277587
 11630. 0.7046003937721252
 11640. 0.7230854630470275
 11650. 0.7321338057518005
 11660. 0.6908844709396362
 11670. 0.7277286648750305
 11680. 0.7529928684234619
 11690. 0.7559602856636047
 11700. 0.7838615179061889
 11710. 0.7761705517768859
 11720. 0.8050443530082702
 11730. 0.790226399898529
 11740. 0.7614692449569702
 11750. 0.7888475060462951
 11760. 0.804796814918518
 11770. 0.8472727537155151
 11780. 0.7588760256767272
 11790. 0.8254359364509582
 11800. 0.8047052025794982
 11810. 0.8492740988731384
 11820. 0.7547077536582946
 11830. 0.8027508854866027
 11840. 0.8553563356399536
 11850. 0.7950788140296936
 11860. 0.8531414866447448
 11870. 0.8474118113517761
 11880. 0.789233922958374
 11890. 0.801626980304718
 11900. 0.8588988780975341
 11910. 0.8461232781410217
 11920. 0.8587093353271484
 11930. 0.8679381608963012
 11940. 0.8338716626167297
 11950. 0.8591353297233581
 11960. 0.8349539041519165
 11970. 0.8428576588630676
 11980. 0.8161638379096984
 11990. 0.7923227548599243
 12000. 0.803022563457489
 12010. 0.7954846024513244
 12020. 0.7684221267700195
 12030. 0.7855960726737976
 12040. 0.7043665051460266
 12050. 0.7543570399284362
 12060. 0.7798104286193847
 12070. 0.7733495235443115
 12080. 0.7684256434440612
 12090. 0.7708058953285217
 12100. 0.7750935554504394
 12110. 0.7925084829330444
 12120. 0.7643751502037048
 12130. 0.7812714576721191
 12140. 0.792953073978424
 12150. 0.7716396450996398
 12160. 0.7898671627044677
 12170. 0.7889297008514404
 12180. 0.7992638349533081
 12190. 0.7910640835762023
 12200. 0.7873651981353759
 12210. 0.7937307953834533
 12220. 0.7767913937568664
 12230. 0.7841314673423767
 12240. 0.7843415737152099
 12250. 0.7927584648132324
 12260. 0.7932797670364379
 12270. 0.7912572622299194
 12280. 0.7972450256347656
 12290. 0.8060141801834106
 12300. 0.8026868104934692
 12310. 0.8138093948364257
 12320. 0.8164860010147094
 12330. 0.8173674345016479
 12340. 0.8209987878799438
 12350. 0.826450765132904
 12360. 0.8289154767990112
 12370. 0.8314387798309326
 12380. 0.8351747989654541
 12390. 0.8379467725753784
 12400. 0.8413821458816528
 12410. 0.8430510163307189
 12420. 0.8469538688659667
 12430. 0.8501744866371154
 12440. 0.8532676100730895
 12450. 0.8565666079521179
 12460. 0.8615283370018005
 12470. 0.8666316270828247
 12480. 0.8720137476921081
 12490. 0.8775327205657958
 12500. 0.8816086649894714
 12510. 0.8869720101356506
 12520. 0.8926491141319274
 12530. 0.896164059638977
 12540. 0.9045097827911376
 12550. 0.9081805944442749
 12560. 0.9118912816047668
 12570. 0.9165535569190979
 12580. 0.9033193588256835
 12590. 0.9229722619056701
 12600. 0.9218894243240356
 12610. 0.9105593562126159
 12620. 0.914099633693695
 12630. 0.9103763699531555
 12640. 0.9090281724929809
 12650. 0.9069005250930786
 12660. 0.9161478281021118
 12670. 0.9133569598197937
 12680. 0.9394590258598327
 12690. 0.8303581476211547
 12700. 0.9277559518814086
 12710. 0.9616186022758483
 12720. 0.9643380045890808
 12730. 0.9659807682037353
 12740. 0.9794475436210632
 12750. 0.9881000518798828
 12760. 0.9964998364448547
 12770. 0.9840911626815795
 12780. 0.9826526641845703
 12790. 0.9847366213798522
 12800. 0.9798552393913269
 12810. 0.9762381315231323
 12820. 0.9760138988494873
 12830. 0.9704729914665222
 12840. 0.9688748717308044
 12850. 0.9655578732490539
 12860. 0.9672611951828002
 12870. 0.9637657403945922
 12880. 0.966238260269165
 12890. 0.9607861042022705
 12900. 0.9686703085899353
 12910. 0.9752704501152038
 12920. 0.9687767624855041
 12930. 0.9759730100631713
 12940. 0.9813810586929321
 12950. 0.9851242899894714
 12960. 0.9728912115097045
 12970. 0.9830086827278137
 12980. 0.9754731655120849
 12990. 0.999056339263916
 13000. 0.9866697788238525
 13010. 0.9683964848518371
 13020. 1.
 13030. 0.9800697565078735
 13040. 0.9467474818229675
 13050. 0.9573885202407836
 13060. 0.9895252585411071
 13070. 0.9368080496788024
 13080. 0.9804911613464355
 13090. 0.9796676039695739
 13100. 0.9279194474220275
 13110. 0.9319068789482116
 13120. 0.9954079389572143
 13130. 0.9278227090835571
 13140. 0.8702713251113891
 13150. 0.9219118356704711
 13160. 0.9232479333877563
 13170. 0.9359806180000305
 13180. 0.9617692232131958
 13190. 0.8855287432670593
 13200. 0.8857833743095397
 13210. 0.8725359439849853
 13220. 0.8738570809364318
 13230. 0.8687571883201599
 13240. 0.8844532966613769
 13250. 0.9173470139503479
 13260. 0.878177523612976
 13270. 0.9011294841766357
 13280. 0.8832964897155761
 13290. 0.7720580101013183
 13300. 0.8693316578865051
 13310. 0.8065425753593444
 13320. 0.6973752379417419
 13330. 0.7634844183921813
 13340. 0.7393702864646911
 13350. 0.864438772201538
 13360. 0.8535577654838562
 13370. 0.864247441291809
 13380. 0.760176658630371
 13390. 0.8808882236480712
 13400. 0.9088701009750366
 13410. 0.7631849646568298
 13420. 0.8428394198417663
 13430. 0.9116198420524597
 13440. 0.8065972328186035
 13450. 0.5699312686920166
 13460. 0.717153787612915
 13470. 0.6594563722610473
 13480. 0.4265441596508027
 13490. 0.3264385461807251
 13500. 0.5784262418746948
 13510. 0.2447720915079117
 13520. 0.255623996257782
 13530. 0.1991701424121857
 13540. 0.134566992521286
 13550. 0.04284948483109475
 13560. 0.04873269051313401
 13570. 0.1276997327804565
 13580. 0.03380555287003517
 13590. 0.04099960252642632
 13600. 0.02281621843576431
 13610. 0.02058673463761806
 13620. 3.112643025815487E-4
 13630. 0.0167236365377903
 13640. 0.07143044471740722
 13650. 0.004385170061141253
 13660. 0.02876207232475281
 13670. 0.07338232547044754
 13680. 0.0058796270750463
 13690. 0.004884746391326189
 13700. 0.02234121598303318
 13710. 0.006456879898905754
 13720. 0.01438783016055822
 13730. 0.04946120828390122
 13740. 0.06994921714067459
 13750. 0.04134499654173851
 13760. 0.09380912780761718
 13770. 0.03917954489588737
 13780. 0.09418587386608123
 13790. 0.02316124178469181
 13800. 0.03683295100927353
 13810. 0.002872438170015812
 13820. 0.007987625896930694
 13830. 4.904998349957168E-4
 13840. 7.714446983300149E-4
 13850. 0.00190582952927798
 13860. 0.001038349117152393
 13870. 0.002703954232856631
 13880. 0.001833570771850645
 13890. 0.00176055368501693
 13900. 0.002927840687334537
 13910. 0.002107007196173072
 13920. 0.001563428668305278
 13930. 2.765291428659111E-4
 13940. 0.001153220538981259
 13950. 3.868236090056598E-4
 13960. 1.661462010815740E-5
 13970. 1.376468135276809E-4
 13980. 0.001251955982297659
 13990. 0.001118884305469692
 14000. 1.594999484950677E-4
 14010. 1.264659749722341E-5
 14020. 1.651308266445994E-4
 14030. 9.765815921127796E-4
 14040. 6.496409769169986E-4
 14050. 5.995362880639731E-5
