SURVEY:              DES 
SNID: 1315192 
IAUC: UNKNOWN
FILTERS:             griz 
FAKE:                0 
RA:    42.985901
DECL:    -0.523071
TYPE:                 1    #  OVERRIDE 
PEAKMJD:              57006.480469    #  OVERRIDE 
PSF_UNIT:            SIGMA-PIXELS 
REDSHIFT_HELIO: 0.228 +- 0.005 
REDSHIFT_CMB: 0.2271432 +- 0.005 
VPEC: -28.722324 +- 250.0
PIXSIZE:             0.270 # arcsec 
MWEBV:       0.05650 
MWEBV_ERR:   0.00160 

HOSTGAL_OBJID:       31262 
HOSTGAL_PHOTOZ:      0.2139 +- 0.0731 
HOSTGAL_SPECZ:       0.2263 +- -9.0000 
HOSTGAL_SNSEP:       3.69 
HOSTGAL_LOGMASS:      10.654 +- 0.028    #  OVERRIDE 
HOSTGAL_MAG:         21.58 20.64 20.16 19.91 
HOSTGAL_SB_FLUXCAL:  17.78 39.89 56.09 63.35 


# Appended from HEADER-override file. 
PRIVATE(DES_mjd_latest_ml):      57052.100000 
PRIVATE(DES_mjd_trigger):        57001.160000 

# ---------------------- 
NOBS: 96
NVAR: 12
VARLIST:  MJD BAND FIELD FLUXCAL FLUXCALERR SIM_MAGOBS ZPFLUX PSF SKYSIG GAIN PHOTFLAG PHOTPROB
OBS: 56956.141 g S1    0.254    2.736   99.000 30.6450 1.4600 9.1300 4.1100     0 1.01 
OBS: 56956.143 r S1   -8.792    3.509   99.000 30.7370 1.4000 12.9800 4.0000     0 0.94 
OBS: 56956.145 i S1   -5.377    4.774   99.000 30.9430 1.3300 22.3200 4.0100     0 0.97 
OBS: 56960.257 g S1    5.906    6.365   99.000 30.7090 3.7300 8.3300 4.1000     0 1.11 
OBS: 56960.259 r S1   28.621    9.323   99.000 30.7180 3.8900 12.5100 3.9000     0 1.03 
OBS: 56960.261 i S1   50.100   17.430   99.000 30.7930 4.0400 22.1800 4.0200     0 0.98 
OBS: 56960.265 z S1  -10.825   17.403   99.000 30.4234 3.0227 20.9155 4.1120     0 0.84 
OBS: 56963.228 g S1    8.665   10.312   99.000 30.5850 2.6300 18.9300 4.2800     0 1.18 
OBS: 56963.230 r S1   12.653   14.882   99.000 30.5770 2.6000 23.5500 3.9900     0 1.08 
OBS: 56963.232 i S1  -14.593   13.397   99.000 30.7720 2.3900 34.7100 4.0400     0 0.97 
OBS: 56963.234 z S1   -6.659   19.401   99.000 30.3200 2.2875 28.9595 4.0659     0 0.91 
OBS: 56973.129 g S1    1.336    3.208   99.000 30.7480 2.1400 7.9400 4.0700     0 1.06 
OBS: 56973.131 r S1   -5.113    4.236   99.000 30.7720 2.0300 11.2300 3.9000     0 1.02 
OBS: 56973.133 i S1    1.487    5.068   99.000 31.0050 1.8300 19.5100 3.9800     0 0.95 
OBS: 56973.136 z S1   -9.180    6.517   99.000 30.6834 1.7137 18.9777 4.1292     0 0.98 
OBS: 56980.192 g S1    1.597    2.486   99.000 30.7460 1.5800 7.8800 4.0900     0 0.94 
OBS: 56980.195 r S1    0.704    3.509   99.000 30.7580 1.5200 12.4900 3.9400     0 1.06 
OBS: 56980.197 i S1   -5.839    5.548   99.000 30.9880 1.4600 25.8900 3.9900     0 0.98 
OBS: 56980.200 z S1   -8.716    7.194   99.000 30.6314 1.3974 24.8937 4.0595     0 0.94 
OBS: 56987.193 g S1   -3.829    3.272   99.000 30.7600 2.0200 8.2900 4.0900     0 1.03 
OBS: 56987.196 r S1    9.795    4.038   99.000 30.7740 1.7900 12.2800 3.9300     0 1.06 
OBS: 56987.198 i S1   -4.988    5.447   99.000 31.0200 1.7100 23.3400 4.0100     0 1.12 
OBS: 56990.194 g S1   39.117    5.470   99.000 30.4540 2.3400 9.7200 4.1100     0 1.01 
OBS: 56990.196 r S1   46.255    5.381   99.000 30.7470 2.1800 12.8000 3.9300     0 1.09 
OBS: 56990.199 i S1   47.337    7.529   99.000 30.9980 2.1200 24.0400 3.9900     0 0.92 
OBS: 56990.201 z S1    8.002   10.820   99.000 30.6438 2.1946 24.0834 4.0754     0 0.97 
OBS: 57001.160 g S1  289.940    9.944   99.000 30.7150 2.4000 20.2500 4.2800     0 1.04 
OBS: 57001.162 r S1  345.814    9.235   99.000 30.7570 2.2500 19.3000 3.9800     0 1.11 
OBS: 57001.165 i S1  320.241    8.859   99.000 31.0150 2.1000 26.4300 3.9900     0 0.96 
OBS: 57001.167 z S1  255.375    9.526   99.000 30.6715 1.9952 22.9633 4.0897     0 0.90 
OBS: 57005.205 i S1  347.099   12.849   99.000 30.9930 3.1500 25.8200 3.9800     0 1.06 
OBS: 57005.207 z S1  263.074   13.417   99.000 30.6898 2.3129 27.0936 4.1052     0 0.78 
OBS: 57012.072 i S1  408.758    7.685   99.000 31.0150 2.5500 18.5700 3.9100     0 1.01 
OBS: 57012.075 z S1  236.074    8.374   99.000 30.6976 2.3480 17.8113 4.0652     0 0.96 
OBS: 57018.056 g S1  222.887    8.980   99.000 30.7190 3.9200 11.1200 4.1800     0 0.98 
OBS: 57018.061 i S1  377.932   16.204   99.000 30.9890 4.1200 23.2000 4.0000     0 1.08 
OBS: 57018.064 z S1  207.933   22.112   99.000 30.6331 4.0865 22.9689 4.0700     0 0.85 
OBS: 57019.056 g S1  235.005   10.825   99.000 30.7550 3.7500 13.6700 4.2300     0 1.18 
OBS: 57019.060 i S1  311.788   10.105   99.000 30.9980 3.1300 21.5600 3.9900     0 1.01 
OBS: 57019.063 z S1  180.594   12.152   99.000 30.6676 2.9499 18.7242 4.1040     0 0.92 
OBS: 57026.154 r S1  217.505   17.185   99.000 30.6810 1.9500 38.2400 4.0500     0 0.95 
OBS: 57026.156 i S1  261.908   12.889   99.000 30.9370 1.8500 42.2900 4.0700     0 0.89 
OBS: 57026.159 z S1  125.475   11.566   99.000 30.5931 1.8155 29.6029 4.0800     0 0.84 
OBS: 57033.100 g S1   63.257    3.810   99.000 30.7340 2.3200 7.6600 4.0900     0 1.05 
OBS: 57033.103 r S1  190.346    5.271   99.000 30.7680 1.9500 11.8700 3.9500     0 1.04 
OBS: 57033.105 i S1  212.234    7.271   99.000 30.9960 1.8500 26.5000 3.9800     0 1.02 
OBS: 57033.107 z S1  142.708    9.676   99.000 30.7034 1.7462 27.8883 4.0900     0 0.95 
OBS: 57040.113 g S1   36.405    3.230   99.000 30.6980 2.0000 7.5100 4.0900     0 1.04 
OBS: 57040.116 r S1  149.513    4.798   99.000 30.7430 1.9000 11.1000 3.9200     0 0.96 
OBS: 57040.118 i S1  210.481    6.341   99.000 30.9770 1.8000 21.5300 4.0200     0 0.97 
OBS: 57040.120 z S1  167.716    7.727   99.000 30.6509 1.7198 22.1203 4.0802     0 0.99 
OBS: 57045.106 g S1   33.339    5.506   99.000 30.6520 3.2000 8.2300 4.0800     0 1.03 
OBS: 57045.111 i S1  193.295    9.685   99.000 30.9910 2.7300 25.3100 3.9800     0 1.14 
OBS: 57045.113 z S1  150.926   12.465   99.000 30.6776 2.5167 25.5045 4.0800     0 0.87 
OBS: 57052.096 g S1    7.261   13.135   99.000 30.5700 2.1500 29.9800 4.3000     0 1.14 
OBS: 57052.098 r S1  100.169   12.640   99.000 30.6580 2.1000 29.6900 4.0500     0 0.96 
OBS: 57052.100 i S1  103.445   11.106   99.000 30.9250 2.0500 35.7500 4.0700     0 0.90 
OBS: 57249.388 g S1    7.589    4.673   99.000 30.4970 2.5700 8.0900 4.0600     0 0.92 
OBS: 57249.391 r S1    7.491    6.142   99.000 30.6230 2.3100 11.9100 3.9600     0 1.01 
OBS: 57249.393 i S1    4.321    7.164   99.000 30.9750 2.1800 21.5300 3.9900     0 0.87 
OBS: 57249.395 z S1    9.402    9.159   99.000 30.6665 2.1695 21.5597 4.0752     0 0.96 
OBS: 57253.401 g S1    3.741    4.050   99.000 30.7020 2.4400 7.8800 4.1100     0 1.04 
OBS: 57253.405 i S1    1.383    6.755   99.000 30.9740 2.0000 22.3000 4.0100     0 0.88 
OBS: 57253.408 z S1   -6.028    8.674   99.000 30.6760 1.9303 22.3021 4.0845     0 0.94 
OBS: 57258.358 g S1    8.658    3.246   99.000 30.6800 2.0800 7.4600 4.0700     0 1.03 
OBS: 57258.360 r S1   -1.108    4.370   99.000 30.7300 1.9900 11.3000 3.9300     0 1.08 
OBS: 57258.362 i S1   -0.933    5.986   99.000 30.9610 1.8400 21.1600 4.0400     0 0.96 
OBS: 57258.365 z S1    0.836    7.351   99.000 30.6079 1.7272 20.2163 4.1009     0 0.96 
OBS: 57276.382 g S1   -4.516    4.552   99.000 30.6870 3.0600 7.3700 4.0900     0 1.02 
OBS: 57276.384 r S1    5.809    7.585   99.000 30.7080 3.5300 10.9800 3.9000     0 1.09 
OBS: 57276.386 i S1  -14.552   10.253   99.000 30.9530 3.3000 19.1500 3.9500     0 1.01 
OBS: 57276.389 z S1   22.426   12.400   99.000 30.6087 3.1291 18.3034 4.0500     0 0.86 
OBS: 57283.260 g S1    2.279    3.971   99.000 30.6550 2.5800 7.6500 4.1000     0 1.08 
OBS: 57283.262 r S1   -0.333    4.785   99.000 30.7290 2.2900 10.9800 3.9000     0 1.13 
OBS: 57283.265 i S1   -6.640    5.883   99.000 30.9880 2.1900 17.9800 3.9400     0 1.02 
OBS: 57283.267 z S1    3.830    7.535   99.000 30.7246 2.1847 17.6665 4.0600     0 0.92 
OBS: 57287.337 g S1    3.557    5.301   99.000 30.6770 3.3700 7.5300 4.0500     0 1.06 
OBS: 57287.339 r S1    6.814    6.619   99.000 30.7390 3.1000 11.0600 3.9100     0 1.11 
OBS: 57287.342 i S1    2.796    9.663   99.000 30.9810 3.2000 19.0900 3.9300     0 0.93 
OBS: 57287.344 z S1  -13.540   12.338   99.000 30.6581 3.2441 19.1163 4.1395     0 0.92 
OBS: 57299.204 g S1    5.571    9.821   99.000 30.0320 2.7900 10.1500 4.1700     0 0.85 
OBS: 57299.207 r S1   38.961   14.699   99.000 29.9910 2.4200 15.5900 3.9900     0 0.89 
OBS: 57299.209 i S1   -0.669   15.181   99.000 30.2000 2.1500 26.8700 4.0700     0 0.96 
OBS: 57299.212 z S1   16.491   26.263   99.000 29.8213 2.6018 24.2668 4.1037     0 0.97 
OBS: 57303.180 g S1   11.665    5.795   99.000 30.6210 3.7500 7.2600 4.0500     0 1.04 
OBS: 57303.182 r S1   16.735    8.027   99.000 30.7220 3.4600 11.1900 3.9100     0 1.12 
OBS: 57303.184 i S1   35.050   10.838   99.000 30.9590 3.5000 19.6800 3.9700     0 0.93 
OBS: 57303.187 z S1   -4.730   17.033   99.000 30.6571 4.0295 18.7689 4.1156     0 0.83 
OBS: 57304.254 g S1    9.262    8.439   99.000 30.1270 3.7700 7.6400 4.1400     0 1.08 
OBS: 57304.257 r S1   13.607   13.617   99.000 30.0740 3.4100 12.1100 3.9700     0 0.95 
OBS: 57304.259 i S1    9.631   14.135   99.000 30.4880 3.1900 19.2000 4.0000     0 0.93 
OBS: 57304.260 z S1   50.741   31.888   99.000 30.1120 3.4200 26.3400 4.1900 98304 0.89 
OBS: 57305.265 g S1    9.768    8.208   99.000 30.2570 3.4500 7.6200 4.1400     0 1.03 
OBS: 57305.267 r S1   16.552    7.738   99.000 30.7120 3.2800 11.1000 3.9200     0 1.12 
OBS: 57305.269 i S1   -0.872    7.744   99.000 30.9590 2.9300 17.3000 3.9400     0 1.00 
OBS: 57305.272 z S1   -3.256    7.540   99.000 30.6362 2.4296 15.7981 4.1040     0 0.93 
