SURVEY:              DES 
SNID: 1266657 
IAUC: UNKNOWN
FILTERS:             griz 
FAKE:                0 
RA:    43.273075
DECL:     0.557482
TYPE:                 1    #  OVERRIDE 
PEAKMJD:              56685.992188    #  OVERRIDE 
PSF_UNIT:            SIGMA-PIXELS 
REDSHIFT_HELIO: 0.322 +- 0.005 
REDSHIFT_CMB: 0.3210806 +- 0.005 
VPEC: -22.299449 +- 250.0
PIXSIZE:             0.270 # arcsec 
MWEBV:       0.08710 
MWEBV_ERR:   0.00140 

HOSTGAL_OBJID:       -888 
HOSTGAL_PHOTOZ:      -9.0000 +- -9.0000 
HOSTGAL_SPECZ:       -9.0000 +- -9.0000 
HOSTGAL_SNSEP:       -9.00 
HOSTGAL_LOGMASS:      2.0 +- 2.0    #  OVERRIDE 
HOSTGAL_MAG:         888.00 888.00 888.00 888.00 
HOSTGAL_SB_FLUXCAL:  -0.30 0.17 0.36 0.15 


# Appended from HEADER-override file. 
PRIVATE(DES_mjd_latest_ml):      56697.044000 
PRIVATE(DES_mjd_trigger):        56683.039000 

# ---------------------- 
NOBS: 94
NVAR: 12
VARLIST:  MJD BAND FIELD FLUXCAL FLUXCALERR SIM_MAGOBS ZPFLUX PSF SKYSIG GAIN PHOTFLAG PHOTPROB
OBS: 56629.038 g S1    7.304    8.038   99.000 30.7200 3.8100 9.4500 3.6700     0 0.82 
OBS: 56629.040 r S1    4.165    7.748   99.000 30.7640 3.2700 11.8500 3.6400     0 0.78 
OBS: 56629.042 i S1  -33.364   11.581   99.000 30.9940 3.5000 20.4000 3.8800     0 0.80 
OBS: 56629.045 z S1   -2.088   14.309   99.000 30.7063 3.3259 20.0623 3.9700     0 0.72 
OBS: 56636.041 g S1   10.905    8.303   99.000 30.8020 2.1600 18.5200 3.7500     0 0.85 
OBS: 56636.044 r S1   -7.047    6.417   99.000 30.8590 1.9400 18.1800 3.7100     0 0.95 
OBS: 56636.046 i S1    0.377    6.489   99.000 31.0640 1.7100 26.8400 3.8600     0 0.75 
OBS: 56636.048 z S1   -9.347    7.849   99.000 30.7255 1.6459 24.3201 3.9551     0 0.81 
OBS: 56645.136 g S1   17.251   15.433   99.000 30.7590 1.9200 31.9300 3.8100     0 1.08 
OBS: 56645.138 r S1  -15.386    8.842   99.000 30.8210 1.8200 28.7900 3.7700     0 0.93 
OBS: 56645.140 i S1  -13.908    8.311   99.000 31.0360 1.7300 32.8700 3.9200     0 0.82 
OBS: 56645.143 z S1    3.103    8.704   99.000 30.6575 1.7250 24.3062 3.9650     0 0.85 
OBS: 56649.132 g S1    1.731    6.978   99.000 30.7720 3.1500 10.3100 3.7100     0 0.88 
OBS: 56649.134 r S1    6.384    7.334   99.000 30.8180 2.7400 13.7600 3.6800     0 0.84 
OBS: 56649.136 i S1    8.223    8.005   99.000 31.0400 2.4700 23.4200 3.8500     0 0.79 
OBS: 56649.139 z S1   -2.188   10.680   99.000 30.6655 2.3600 21.5153 3.9650     0 0.85 
OBS: 56653.147 g S1    8.275    6.877   99.000 30.7110 3.7100 8.2800 3.6100     0 0.89 
OBS: 56653.149 r S1   -4.013    7.789   99.000 30.7740 3.2900 11.8400 3.6500     0 0.79 
OBS: 56653.151 i S1  -15.495    9.880   99.000 31.0060 2.9000 21.8200 3.8800     0 0.83 
OBS: 56653.153 z S1    0.369   17.221   99.000 30.6180 3.3948 21.9152 3.9604     0 0.85 
OBS: 56660.061 g S1   -3.078    4.587   99.000 30.7740 2.2000 8.7400 3.6300     0 0.89 
OBS: 56660.063 r S1    1.665    4.619   99.000 30.8200 2.0200 12.3400 3.6300     0 0.82 
OBS: 56660.065 i S1    4.639    6.554   99.000 31.0290 1.9600 23.3700 3.8700     0 0.80 
OBS: 56660.068 z S1   -3.620    9.256   99.000 30.6375 1.8402 22.7299 3.9700     0 0.85 
OBS: 56669.044 g S1    0.535   14.283   99.000 30.7780 1.9100 34.1800 3.8200     0 0.95 
OBS: 56669.046 r S1   39.903   10.632   99.000 30.7980 1.7200 33.6000 3.7700     0 0.92 
OBS: 56669.048 i S1   17.274   10.429   99.000 31.0280 1.6500 42.4800 3.9300     0 0.79 
OBS: 56669.051 z S1   23.653   10.361   99.000 30.6791 1.5246 33.8059 3.9249     0 0.94 
OBS: 56676.058 g S1   51.605    8.281   99.000 30.6910 2.2300 16.3300 3.7700     0 0.87 
OBS: 56676.060 r S1   72.730    8.365   99.000 30.7550 2.2500 18.2900 3.7000     0 0.88 
OBS: 56676.062 i S1   69.148    7.168   99.000 30.9790 1.9500 23.6100 3.8600     0 0.81 
OBS: 56676.064 z S1   77.561    8.927   99.000 30.5440 1.9758 17.9517 3.9400     0 0.83 
OBS: 56683.039 g S1   92.575    8.461   99.000 30.6680 2.9700 12.1100 3.7200     0 0.98 
OBS: 56683.042 r S1  129.410    8.415   99.000 30.7000 2.8700 13.5700 3.6900     0 0.85 
OBS: 56683.042 i S1  109.594    9.322   99.000 30.9420 2.6300 23.6100 3.8500 65536 0.86 
OBS: 56683.046 z S1  105.629   12.198   99.000 30.5365 2.3959 21.4773 3.9554     0 0.94 
OBS: 56690.065 g S1   77.890    4.996   99.000 30.6490 2.0000 9.0300 3.6600     0 0.73 
OBS: 56690.068 r S1  136.759    5.823   99.000 30.7160 1.8600 13.2800 3.6800     0 0.88 
OBS: 56690.070 i S1  140.282    7.142   99.000 30.9470 1.7400 23.7500 3.8700     0 0.79 
OBS: 56690.072 z S1  117.361    8.939   99.000 30.5710 1.7349 22.2770 3.9600     0 0.90 
OBS: 56697.037 g S1   54.157   11.618   99.000 30.6690 2.0900 26.4000 3.7700     0 0.88 
OBS: 56697.039 r S1  104.965   10.127   99.000 30.7530 1.8400 26.3400 3.7200     0 0.93 
OBS: 56697.041 i S1  130.349    9.674   99.000 30.9840 1.7100 34.7100 3.9000     0 0.84 
OBS: 56697.044 z S1  103.562   10.749   99.000 30.6486 1.8099 28.0825 3.9800     0 0.92 
OBS: 56890.386 g S1   15.504    8.652   99.000 30.6980 4.0600 9.1400 3.6200     0 0.87 
OBS: 56890.388 r S1    4.768   11.359   99.000 30.7630 3.7900 14.4200 3.6800     0 0.82 
OBS: 56890.390 i S1   -9.959   16.277   99.000 31.0140 3.9000 26.5700 3.8300     0 0.80 
OBS: 56890.393 z S1   14.959   18.747   99.000 30.6930 3.4399 26.2018 3.9499     0 0.87 
OBS: 56903.397 g S1   -1.930    5.822   99.000 30.4600 2.4900 8.3800 3.6200     0 0.87 
OBS: 56903.399 r S1   -6.659    8.681   99.000 30.4600 2.5100 13.6300 3.6900     0 0.82 
OBS: 56903.401 i S1    7.505   14.815   99.000 30.5380 2.2700 26.8900 3.9000     0 0.89 
OBS: 56903.404 z S1   -3.687   14.924   99.000 30.2348 2.0335 25.8926 3.9721     0 0.98 
OBS: 56915.278 g S1  -23.971   21.068   99.000 30.6920 2.8100 19.3400 3.7300     0 0.85 
OBS: 56915.280 r S1  -14.733   26.544   99.000 30.7630 2.4600 22.5000 3.7400     0 0.81 
OBS: 56915.283 i S1  -33.453   13.843   99.000 31.0040 2.2800 29.6300 3.8900     0 0.78 
OBS: 56915.285 z S1   -2.142   13.620   99.000 30.6711 2.4504 23.8651 3.9299     0 0.85 
OBS: 56923.331 r S1    4.123    7.758   99.000 30.7580 3.2400 12.0600 3.6300     0 0.88 
OBS: 56923.333 i S1   -7.090    9.754   99.000 30.9990 3.0800 20.3500 3.8100     0 0.80 
OBS: 56923.336 z S1    8.872   12.278   99.000 30.6600 2.9800 19.7528 3.9597     0 0.76 
OBS: 56927.294 g S1    3.588    5.038   99.000 30.7410 2.4500 8.8800 3.6300     0 0.85 
OBS: 56927.296 r S1    8.062    5.834   99.000 30.7830 2.2500 13.3300 3.6600     0 0.83 
OBS: 56927.298 i S1    3.589    7.032   99.000 31.0210 2.0000 22.7400 3.8800     0 0.83 
OBS: 56927.301 z S1   -3.374    9.084   99.000 30.6856 1.9254 21.7110 3.9563     0 0.86 
OBS: 56932.270 g S1    3.100    4.775   99.000 30.7150 2.2300 8.2200 3.6000     0 0.82 
OBS: 56932.273 r S1    3.200    5.039   99.000 30.7860 2.0900 12.6400 3.6700     0 0.81 
OBS: 56932.275 i S1   -4.040    5.469   99.000 31.0220 1.8700 19.6800 3.8500     0 0.71 
OBS: 56932.277 z S1    8.682    7.800   99.000 30.6938 2.0074 18.4233 3.9572     0 0.81 
OBS: 56943.215 g S1  -12.699   11.462   99.000 30.7340 2.0100 20.6600 3.7600     0 1.15 
OBS: 56943.218 r S1    7.110   14.468   99.000 30.7700 2.0600 20.4700 3.7100     0 0.90 
OBS: 56943.220 i S1   -9.255    6.881   99.000 31.0170 1.8000 25.2500 3.8500     0 0.86 
OBS: 56943.222 z S1    2.103    7.139   99.000 30.7085 1.7294 18.7894 3.9653     0 0.85 
OBS: 56956.141 g S1    4.159    3.923   99.000 30.6450 1.5100 9.6500 3.6600     0 0.92 
OBS: 56956.143 r S1   -0.519    4.107   99.000 30.7410 1.4200 13.5400 3.7100     0 0.87 
OBS: 56956.145 i S1    1.445    5.068   99.000 30.9370 1.3400 22.7900 3.8900     0 0.88 
OBS: 56956.148 z S1   -4.244    6.709   99.000 30.5673 1.3148 21.0713 3.9657     0 0.90 
OBS: 56960.257 g S1  -11.403    7.551   99.000 30.6960 3.7400 8.8600 3.6300     0 0.80 
OBS: 56960.259 r S1    4.533   10.878   99.000 30.7250 3.8600 12.9900 3.6600     0 0.84 
OBS: 56960.261 i S1  -43.381   19.610   99.000 30.7910 4.0200 22.6000 3.8900     0 0.92 
OBS: 56960.265 z S1  -20.503   17.806   99.000 30.4521 2.9871 21.3484 3.9332     0 0.84 
OBS: 56963.228 g S1   -2.939   13.700   99.000 30.5460 2.6500 20.1400 3.7700     0 0.97 
OBS: 56963.230 r S1   11.717   13.927   99.000 30.5770 2.5900 24.3700 3.7300     0 0.86 
OBS: 56963.232 i S1  -19.598   14.920   99.000 30.7850 2.3800 35.1000 3.9200     0 0.87 
OBS: 56963.234 z S1   13.776   17.401   99.000 30.2921 2.3313 29.2868 3.9486     0 0.97 
OBS: 56973.129 g S1   -2.239    4.627   99.000 30.7210 2.1500 8.4600 3.6000     0 0.80 
OBS: 56973.131 r S1    4.348    4.847   99.000 30.7660 2.0300 11.7300 3.6500     0 0.88 
OBS: 56973.133 i S1   -4.460    5.605   99.000 30.9980 1.8100 20.0000 3.8600     0 0.80 
OBS: 56973.136 z S1    6.127    7.072   99.000 30.6845 1.6949 19.4488 3.9903     0 0.82 
OBS: 56980.192 g S1   -1.608    3.624   99.000 30.7020 1.6100 8.4100 3.5900     0 0.93 
OBS: 56980.195 r S1    0.936    4.362   99.000 30.7540 1.5500 13.0600 3.6700     0 0.75 
OBS: 56980.197 i S1    1.993    5.744   99.000 30.9870 1.5100 26.4100 3.8500     0 0.87 
OBS: 56980.200 z S1    8.566    7.913   99.000 30.6200 1.4348 25.3390 3.9500     0 0.86 
OBS: 56987.193 g S1   -2.314    4.413   99.000 30.7320 2.0600 8.8000 3.6200     0 0.84 
OBS: 56987.196 r S1    7.568    4.777   99.000 30.7840 1.8200 12.8100 3.6700     0 0.93 
OBS: 56987.198 i S1   -2.668    6.194   99.000 31.0250 1.7600 23.8900 3.8600     0 0.86 
