SURVEY:              DES 
SNID: 1283878 
IAUC: UNKNOWN
FILTERS:             griz 
FAKE:                0 
RA:    37.133164
DECL:    -4.041299
TYPE:                 1    #  OVERRIDE 
PEAKMJD:              57262.832031    #  OVERRIDE 
PSF_UNIT:            SIGMA-PIXELS 
REDSHIFT_HELIO: 0.3139 +- 0.0005 
REDSHIFT_CMB: 0.3128682 +- 0.0005 
VPEC: -20.314722 +- 250.0
PIXSIZE:             0.270 # arcsec 
MWEBV:       0.02690 
MWEBV_ERR:   0.00140 

HOSTGAL_OBJID:       18625 
HOSTGAL_PHOTOZ:      0.2923 +- 0.0465 
HOSTGAL_SPECZ:       0.3145 +- -9.0000 
HOSTGAL_SNSEP:       0.07 
HOSTGAL_LOGMASS:      11.409 +- 0.1955    #  OVERRIDE 
HOSTGAL_MAG:         21.15 19.78 19.21 18.90 
HOSTGAL_SB_FLUXCAL:  69.67 265.73 438.04 615.88 


# Appended from HEADER-override file. 
PRIVATE(DES_mjd_latest_ml):      57278.258000 
PRIVATE(DES_mjd_trigger):        57257.323000 

# ---------------------- 
NOBS: 84
NVAR: 12
VARLIST:  MJD BAND FIELD FLUXCAL FLUXCALERR SIM_MAGOBS ZPFLUX PSF SKYSIG GAIN PHOTFLAG PHOTPROB
OBS: 57249.293 g X3   13.956    3.529   99.000 30.7725 2.9182 5.0152 3.6469     0 1.08 
OBS: 57249.305 r X3   30.678    6.848   99.000 31.7840 2.9500 19.2600 3.6200 32768 1.07 
OBS: 57249.322 i X3   27.486    4.781   99.000 31.6216 2.4612 16.4687 3.7832 32768 1.05 
OBS: 57249.341 z X3   17.166    3.923   99.000 31.2049 2.2781 11.3956 3.9480     0 1.00 
OBS: 57253.343 g X3   66.432    3.136   99.000 30.8827 2.6726 4.9342 3.6034     0 1.06 
OBS: 57253.352 r X3   78.602    3.504   99.000 31.8148 2.5484 11.2505 3.6100     0 1.05 
OBS: 57253.374 i X3   85.569    4.145   99.000 31.6410 2.3867 14.7217 3.7771 32768 1.07 
OBS: 57255.288 z X3   80.922    5.428   99.000 30.8138 2.3899 10.4301 3.9507     0 0.99 
OBS: 57257.323 g X3  110.116    3.260   99.000 30.8559 2.6698 4.8535 3.6428     0 1.12 
OBS: 57257.331 r X3  135.990    4.329   99.000 31.8064 2.4449 13.1788 3.6154 32768 1.15 
OBS: 57257.353 i X3  139.413    3.634   99.000 31.6259 2.0168 13.6834 3.7169 32768 1.12 
OBS: 57265.238 z X3  112.492    5.775   99.000 31.2097 2.6919 14.8211 3.9064 32768 1.04 
OBS: 57265.391 i X3  184.995    5.342   99.000 31.6390 2.1617 22.7409 3.8684     0 0.94 
OBS: 57273.341 i X3  174.693    4.169   99.000 31.6506 2.7525 12.0710 3.7060 32768 1.11 
OBS: 57273.365 z X3   98.500    3.820   99.000 31.2287 2.5487 9.5244 3.9125     0 1.04 
OBS: 57278.219 r X3  129.353    4.408   99.000 31.8010 2.5547 13.5871 3.6050 32768 1.16 
OBS: 57278.258 g X3   59.298    2.962   99.000 30.8533 2.4480 4.8132 3.6435     0 1.01 
OBS: 57283.189 i X3  107.867    3.671   99.000 31.6389 2.4728 11.9500 3.6877     0 1.12 
OBS: 57283.215 z X3   55.929    3.578   99.000 31.2656 2.0324 10.7683 3.9255 32768 1.05 
OBS: 57287.180 g X3   20.318    8.221   99.000 30.7631 4.2565 10.0394 3.7929     0 1.04 
OBS: 57287.238 r X3   79.948    4.073   99.000 31.8028 3.1057 11.9958 3.6584     0 1.09 
OBS: 57287.263 i X3  112.705    4.881   99.000 31.6357 3.3805 12.0733 3.6964 32768 1.07 
OBS: 57287.291 z X3   76.923    4.902   99.000 31.2069 2.9803 10.3343 3.9245 98304 1.04 
OBS: 57291.236 r X3   67.663    6.036   99.000 31.7856 2.5458 29.2131 3.8031     0 0.99 
OBS: 57291.251 z X3   73.399    3.856   99.000 31.2220 2.0327 12.6347 3.9165     0 1.00 
OBS: 57297.260 r X3   52.532    8.212   99.000 31.7944 2.8123 30.1971 3.8000 32768 1.00 
OBS: 57297.274 i X3   68.501    4.888   99.000 31.6495 2.6395 19.0459 3.8245     0 1.03 
OBS: 57297.296 z X3   74.044    5.305   99.000 31.2087 2.8468 13.8649 3.9107 32768 1.03 
OBS: 57301.292 r X3   26.580   10.907   99.000 30.6021 2.4865 15.7012 3.7454     0 0.91 
OBS: 57302.137 z X3   66.370    4.308   99.000 31.1554 2.3434 11.1934 3.9278 32768 1.04 
OBS: 57302.305 g X3    8.576    5.134   99.000 30.7599 4.0768 5.2614 3.6276     0 1.06 
OBS: 57303.231 g X3   10.203    3.791   99.000 30.6989 3.2249 4.7208 3.6382     0 1.03 
OBS: 57305.292 r X3   31.037    6.415   99.000 31.7262 4.2197 14.7060 3.6246 65536 1.10 
OBS: 57305.303 i X3   71.689    7.043   99.000 31.6172 3.7989 17.1254 3.6904 98304 1.09 
OBS: 57311.120 r X3   11.837    3.934   99.000 31.7788 3.1063 10.6247 3.6241     0 1.14 
OBS: 57311.135 i X3   40.318    4.116   99.000 31.6233 2.1317 14.1782 3.7131 32768 1.09 
OBS: 57311.156 z X3   35.277    3.807   99.000 31.2092 2.3736 8.9520 3.9474 32768 1.05 
OBS: 57311.271 g X3    7.820    2.990   99.000 30.8608 2.6342 5.0133 3.6264     0 1.12 
OBS: 57315.219 g X3    2.176    3.719   99.000 30.7753 3.2555 4.9267 3.6027     0 1.06 
OBS: 57315.241 r X3   -4.736    9.788   99.000 30.9108 3.4743 15.0843 3.7464 65536 0.95 
OBS: 57316.101 i X3   26.895    8.535   99.000 31.1150 3.2702 19.8191 3.8522     0 1.02 
OBS: 57317.099 z X3   23.813    4.105   99.000 31.1854 2.1336 12.3484 3.9292     0 1.03 
OBS: 57319.116 r X3    2.514    6.812   99.000 31.7568 3.4942 25.8108 3.8065     0 1.00 
OBS: 57319.293 g X3  -35.212   20.777   99.000 30.8070 3.5000 25.3600 3.7700 32768 0.92 
OBS: 57325.077 i X3   32.310   14.624   99.000 31.6148 2.2808 39.2200 3.8700 32768 0.97 
OBS: 57325.140 z X3   61.963    5.279   99.000 31.2056 1.8233 16.4125 3.8303 98304 0.99 
OBS: 57327.077 g X3    6.357    3.153   99.000 29.6707 2.7730 2.3763 3.0885 65536 1.10 
OBS: 57327.183 r X3   20.263    3.298   99.000 31.7850 1.8066 16.3307 3.7528     0 1.12 
OBS: 57329.071 i X3   23.662    3.912   99.000 31.6078 2.4067 14.3582 3.7558 65536 1.07 
OBS: 57329.116 z X3   19.133    4.446   99.000 31.1827 2.3062 12.3714 3.9398     0 1.02 
OBS: 57331.067 g X3    5.410    3.340   99.000 30.8138 2.9149 4.8939 3.6136     0 1.06 
OBS: 57331.145 r X3   14.314    3.495   99.000 31.8090 2.5144 11.6407 3.6394     0 1.07 
OBS: 57339.047 i X3    9.673    4.465   99.000 31.6177 2.8994 14.4830 3.7405     0 1.04 
OBS: 57339.072 z X3    7.131    4.605   99.000 31.2352 2.6564 12.5283 3.9163     0 1.02 
OBS: 57339.173 g X3    1.457    5.606   99.000 30.8630 2.9900 8.5100 3.5700 32768 1.12 
OBS: 57339.187 r X3   11.094    3.935   99.000 31.7870 2.2043 13.7744 3.6000 32768 1.17 
OBS: 57345.135 i X3   20.347    3.694   99.000 31.6309 2.2170 14.5524 3.7543     0 1.09 
OBS: 57345.162 z X3   10.604    3.475   99.000 31.2027 1.9711 11.2445 3.9431     0 1.08 
OBS: 57346.038 g X3   -4.434    5.478   99.000 30.7912 2.2258 11.8606 3.7795     0 1.01 
OBS: 57355.170 r X3    1.075    3.956   99.000 31.7691 1.9190 19.8959 3.7392     0 1.04 
OBS: 57355.187 i X3   12.998    3.433   99.000 31.5989 1.7259 17.3035 3.8302     0 1.07 
OBS: 57356.033 z X3    3.982    3.197   99.000 31.2243 1.8014 11.3157 3.9404     0 1.07 
OBS: 57356.109 g X3   -0.549    2.401   99.000 30.8380 1.9078 4.7344 3.5928     0 1.06 
OBS: 57365.062 r X3    5.702    4.688   99.000 31.7780 1.7600 16.8900 3.6400 32768 1.19 
OBS: 57365.082 i X3   15.217    2.985   99.000 31.6023 1.6202 12.3539 3.7300 32768 1.07 
OBS: 57366.067 g X3    5.085    2.606   99.000 30.8470 2.1467 4.7304 3.6096     0 1.12 
OBS: 57366.076 z X3   10.373    3.402   99.000 31.1824 1.7193 12.9684 3.9392     0 1.05 
OBS: 57372.057 r X3   -5.404    5.090   99.000 31.6851 2.3618 15.0646 3.6166 32768 1.06 
OBS: 57372.074 i X3    7.056    4.280   99.000 31.6075 2.1479 15.4619 3.7169 32768 1.09 
OBS: 57373.064 g X3    1.125    3.159   99.000 30.8725 2.1921 6.9840 3.7200     0 1.01 
OBS: 57373.075 z X3   10.330    3.515   99.000 31.1994 1.7244 13.5273 3.9427 32768 1.06 
OBS: 57385.042 i X3    6.121    4.292   99.000 31.6404 2.2590 15.3276 3.7563 32768 1.10 
OBS: 57386.056 g X3   -4.296    2.655   99.000 30.8682 2.3309 4.7843 3.6040     0 1.10 
OBS: 57387.044 z X3    6.372    3.615   99.000 31.1403 1.8356 11.6217 3.9579 32768 1.02 
OBS: 57389.085 i X3   -3.113    4.933   99.000 31.6284 2.8126 15.7142 3.7552 32768 1.05 
OBS: 57394.072 g X3   -3.198    3.646   99.000 30.8619 2.6253 5.9255 3.6751 32768 1.07 
OBS: 57394.084 r X3   -1.019    5.675   99.000 31.7940 2.2800 18.9500 3.6000 32768 1.12 
OBS: 57395.046 z X3    7.129    4.396   99.000 31.1228 2.4091 11.6698 3.9548     0 1.02 
OBS: 57396.072 i X3    4.139    4.450   99.000 31.6109 2.0066 18.7979 3.7935 32768 1.07 
OBS: 57400.115 g X3   -0.817    3.647   99.000 30.7292 2.6726 5.7881 3.6728     0 0.98 
OBS: 57401.044 r X3   -0.907    3.080   99.000 31.7703 1.9826 11.8271 3.6782     0 1.08 
OBS: 57402.063 z X3   35.864    3.410   99.000 31.1410 1.4359 13.5857 3.9594 98304 1.06 
OBS: 57403.073 i X3    6.580    3.809   99.000 31.6186 1.5613 18.9487 3.8322     0 1.08 
OBS: 57406.100 r X3   34.019    8.513   99.000 31.7478 2.4574 29.2761 3.8100     0 0.94 
