SURVEY:              DES 
SNID: 1302058 
IAUC: UNKNOWN
FILTERS:             griz 
FAKE:                0 
RA:    53.396389
DECL:   -29.190622
TYPE:                 1    #  OVERRIDE 
PEAKMJD:              56956.808594    #  OVERRIDE 
PSF_UNIT:            SIGMA-PIXELS 
REDSHIFT_HELIO: 0.1983 +- 0.0005 
REDSHIFT_CMB: 0.1978583 +- 0.0005 
VPEC: 8.928592 +- 250.0
PIXSIZE:             0.270 # arcsec 
MWEBV:       0.00960 
MWEBV_ERR:   0.00030 

HOSTGAL_OBJID:       24398 
HOSTGAL_PHOTOZ:      0.3422 +- 0.0583 
HOSTGAL_SPECZ:       0.1988 +- -9.0000 
HOSTGAL_SNSEP:       0.68 
HOSTGAL_LOGMASS:      9.664 +- 0.039    #  OVERRIDE 
HOSTGAL_MAG:         21.71 20.92 20.59 20.42 
HOSTGAL_SB_FLUXCAL:  49.14 104.97 143.14 168.47 


# Appended from HEADER-override file. 
PRIVATE(DES_mjd_latest_ml):      57067.096000 
PRIVATE(DES_mjd_trigger):        56949.337000 

# ---------------------- 
NOBS: 108
NVAR: 12
VARLIST:  MJD BAND FIELD FLUXCAL FLUXCALERR SIM_MAGOBS ZPFLUX PSF SKYSIG GAIN PHOTFLAG PHOTPROB
OBS: 56904.282 g C2    3.098    5.412   99.000 30.7630 2.9000 9.9600 3.8000     0 1.07 
OBS: 56904.284 r C2    1.620    6.907   99.000 30.7840 2.6800 11.8000 3.6500     0 0.95 
OBS: 56904.286 i C2   -1.944    8.274   99.000 31.0270 2.5700 19.3200 3.8700     0 1.09 
OBS: 56904.289 z C2   -6.662    9.321   99.000 30.6915 2.5607 18.1773 4.0102     0 1.04 
OBS: 56912.357 g C2    1.532   11.824   99.000 30.7690 2.3100 24.1300 3.9400     0 0.96 
OBS: 56912.360 r C2   -0.530    8.497   99.000 30.7930 2.0300 22.9600 3.7700     0 1.07 
OBS: 56912.362 i C2   -1.058    9.700   99.000 31.0490 1.9800 29.2200 3.9300     0 0.96 
OBS: 56912.364 z C2    8.783    8.968   99.000 30.7564 1.8800 24.5012 4.0002     0 0.98 
OBS: 56920.291 g C2    6.549    2.970   99.000 30.7620 2.0800 7.2100 3.6200     0 1.04 
OBS: 56920.294 r C2   -6.430    4.429   99.000 30.7880 1.8500 10.2800 3.6200     0 1.03 
OBS: 56920.296 i C2    0.852    5.515   99.000 31.0330 1.7300 16.3900 3.8300     0 1.06 
OBS: 56920.298 z C2    6.236    6.083   99.000 30.7264 1.7144 15.6478 4.0400     0 0.87 
OBS: 56927.221 g C2    1.408    3.487   99.000 30.7350 2.4100 7.6800 3.8000     0 1.03 
OBS: 56927.224 r C2   -7.361    5.488   99.000 30.7700 2.0200 11.6700 3.6200     0 1.11 
OBS: 56927.226 i C2   -4.751    7.402   99.000 31.0130 1.8700 20.8300 3.9600     0 1.09 
OBS: 56927.229 z C2   -1.380    8.408   99.000 30.6886 1.9443 20.8844 4.0104     0 0.92 
OBS: 56935.363 r C2    5.803   10.607   99.000 30.7290 4.5500 13.1800 3.6600     0 1.05 
OBS: 56935.365 i C2    9.769   15.040   99.000 31.0220 4.4200 21.6100 3.8900     0 0.98 
OBS: 56943.178 g C2  131.037    8.706   99.000 30.7530 2.4300 16.5400 3.9400     0 1.07 
OBS: 56943.180 r C2  128.773    7.413   99.000 30.7680 2.0500 17.2900 3.7100     0 0.98 
OBS: 56943.182 i C2   99.213    7.751   99.000 31.0200 1.8900 23.2500 3.9100     0 0.96 
OBS: 56943.185 z C2   70.267    7.806   99.000 30.7139 1.7748 20.4425 4.0252     0 1.01 
OBS: 56949.339 r C2  452.775    6.397   99.000 30.7780 1.7700 12.4700 3.6800     0 1.16 
OBS: 56949.341 i C2  385.467    7.639   99.000 31.0340 1.8100 19.7600 3.8700     0 1.00 
OBS: 56949.344 z C2  293.150    6.809   99.000 30.7105 1.5149 18.6073 4.0750     0 0.99 
OBS: 56956.354 r C2  752.778    9.176   99.000 30.6800 2.2300 13.2900 3.7000     0 1.12 
OBS: 56956.356 i C2  597.172   10.012   99.000 30.9500 2.1600 24.0400 3.9100     0 0.97 
OBS: 56956.359 z C2  425.648   11.068   99.000 30.5938 2.1153 24.1510 3.9947     0 1.00 
OBS: 56961.357 g C2  720.642    7.600   99.000 30.7430 2.7300 8.9900 3.7700     0 1.16 
OBS: 56961.359 r C2  770.820    9.369   99.000 30.7500 2.4000 14.2600 3.7100     0 1.04 
OBS: 56961.361 i C2  659.293   10.761   99.000 30.9950 2.1400 26.6500 3.9100     0 0.98 
OBS: 56961.364 z C2  421.970   14.927   99.000 30.6980 1.9800 36.2200 4.0300     0 0.80 
OBS: 56963.242 g C2  681.664   15.992   99.000 30.2890 2.5400 17.4000 3.9200     0 1.20 
OBS: 56963.244 r C2  783.729   14.998   99.000 30.2760 2.3600 20.4800 3.7500     0 1.12 
OBS: 56963.246 i C2  639.746   16.971   99.000 30.6110 2.3400 30.0400 3.9600     0 0.95 
OBS: 56963.249 z C2  394.818   11.108   99.000 30.5064 2.0031 22.9938 4.0218     0 1.00 
OBS: 56973.168 g C2  350.464    6.171   99.000 30.7440 1.9300 12.3600 3.8800     0 1.11 
OBS: 56973.171 r C2  557.604    7.192   99.000 30.7720 1.7400 14.2700 3.7100     0 1.02 
OBS: 56973.173 i C2  416.116    7.512   99.000 31.0140 1.6200 21.0800 3.9500     0 1.14 
OBS: 56973.175 z C2  224.219    6.993   99.000 30.6995 1.5842 19.8874 4.0100     0 0.95 
OBS: 56980.308 i C2  349.851    7.628   99.000 30.9960 1.7500 20.2400 3.9400     0 0.91 
OBS: 56980.310 z C2  225.121    7.674   99.000 30.6558 1.7300 19.2918 4.0354     0 0.94 
OBS: 56987.303 g C2   88.370    4.628   99.000 30.7420 2.5700 7.8400 3.7600     0 1.15 
OBS: 56987.306 r C2  302.925    7.269   99.000 30.7670 2.3900 12.2600 3.6700     0 1.09 
OBS: 56987.308 i C2  329.502    9.343   99.000 31.0170 2.3700 23.7500 3.9100     0 0.91 
OBS: 56987.311 z C2  276.635   10.466   99.000 30.6907 2.0847 24.3293 3.9800     0 0.98 
OBS: 56991.140 r C2  243.817   14.466   99.000 30.7260 4.5500 15.6000 3.7100     0 1.01 
OBS: 56991.142 i C2  281.738   19.313   99.000 31.0030 4.5000 24.7100 3.8800     0 1.06 
OBS: 56991.145 z C2  307.162   19.809   99.000 30.6908 4.2245 23.2213 3.9755     0 1.05 
OBS: 56992.123 g C2   45.466    9.242   99.000 30.7560 2.7600 17.8700 3.8800     0 0.94 
OBS: 56992.125 r C2  258.987    8.699   99.000 30.7780 2.5200 17.6100 3.7600     0 0.93 
OBS: 56992.127 i C2  309.916   10.097   99.000 31.0350 2.4100 24.3500 3.8900     0 0.98 
OBS: 56992.129 z C2  283.890   10.156   99.000 30.7484 2.4269 21.5735 3.9947     0 1.03 
OBS: 57001.288 g C2  106.032   17.970   99.000 30.7010 4.0500 25.7200 3.9200     0 0.96 
OBS: 57001.290 r C2  189.004   17.006   99.000 30.6800 3.5800 23.9400 3.7500     0 1.06 
OBS: 57001.292 i C2  181.992   16.292   99.000 30.9550 3.6500 28.4400 3.9500     0 1.10 
OBS: 57001.295 z C2  179.534   20.304   99.000 30.5677 4.2365 23.1396 3.9853     0 0.95 
OBS: 57004.037 g C2   30.102    6.027   99.000 30.3040 1.9000 10.9300 3.8400     0 1.00 
OBS: 57004.040 r C2  167.820   13.639   99.000 29.7950 1.9600 14.8200 3.7200     0 0.81 
OBS: 57004.042 i C2  191.967   14.800   99.000 30.1940 1.7000 25.2500 3.9400     0 0.91 
OBS: 57004.045 z C2  221.142   13.751   99.000 30.1089 1.6483 22.9264 4.0326     0 1.03 
OBS: 57011.085 g C2   45.391    2.943   99.000 30.7680 1.7700 7.2700 3.6200     0 1.14 
OBS: 57011.087 r C2  128.563    4.596   99.000 30.7910 1.5800 10.3700 3.6100     0 1.10 
OBS: 57011.089 i C2  134.536    6.219   99.000 31.0320 1.5600 20.5700 3.9600     0 1.03 
OBS: 57011.092 z C2  142.296    6.516   99.000 30.7196 1.4148 21.7253 3.9996     0 1.02 
OBS: 57017.238 g C2   27.879    4.596   99.000 30.6790 2.8700 7.7700 3.7500     0 0.96 
OBS: 57017.242 i C2  119.234    9.344   99.000 30.9930 2.1200 24.4700 3.9100     0 1.08 
OBS: 57017.245 z C2  120.283   10.818   99.000 30.6592 2.1233 25.2537 4.0200     0 0.96 
OBS: 57025.072 g C2   12.078   17.655   99.000 30.7420 2.5100 29.1100 3.9500     0 1.06 
OBS: 57025.074 r C2   96.918   10.318   99.000 30.7500 2.1200 26.8000 3.7500     0 0.99 
OBS: 57025.076 i C2   93.927   10.635   99.000 31.0000 1.9200 33.2500 3.9500     0 0.93 
OBS: 57025.079 z C2  106.605   10.129   99.000 30.6620 1.8546 27.0110 4.0146     0 0.95 
OBS: 57032.145 g C2   16.493    7.443   99.000 30.7000 2.3300 16.0600 3.9100     0 1.05 
OBS: 57032.147 r C2   82.051    7.105   99.000 30.7480 2.0500 16.1100 3.7100     0 1.02 
OBS: 57032.149 i C2   76.031    7.621   99.000 30.9890 1.8400 23.7500 3.9100     0 0.90 
OBS: 57032.152 z C2   75.209    8.290   99.000 30.6406 1.8151 20.8940 4.0151     0 0.99 
OBS: 57039.115 r C2   71.743    5.092   99.000 30.7550 2.0300 10.4400 3.6100     0 1.14 
OBS: 57039.117 i C2   65.769    6.943   99.000 31.0010 1.8200 19.8700 3.8800     0 1.07 
OBS: 57039.119 z C2   52.907    8.671   99.000 30.6760 1.8555 21.7681 4.0000     0 0.99 
OBS: 57044.169 g C2   23.763    4.378   99.000 30.7000 2.6100 7.7500 3.7900     0 1.07 
OBS: 57044.171 r C2   62.208    6.198   99.000 30.7380 2.3300 11.4800 3.6600     0 1.00 
OBS: 57044.173 i C2   47.791    8.288   99.000 30.9960 2.3000 20.2300 3.9400     0 1.06 
OBS: 57044.176 z C2   38.888    9.285   99.000 30.7027 2.1502 20.5711 4.0040     0 0.93 
OBS: 57051.144 g C2   30.157   10.725   99.000 30.6200 2.1300 22.2100 3.9600     0 1.00 
OBS: 57051.147 r C2   52.889    8.503   99.000 30.6920 1.7900 22.3800 3.7900     0 1.10 
OBS: 57051.149 i C2   55.855    9.960   99.000 30.9390 1.6700 32.4000 3.9700     0 0.95 
OBS: 57051.151 z C2   38.959   10.558   99.000 30.5725 1.6391 27.9090 4.0145     0 0.93 
OBS: 57061.058 g C2   13.704   14.369   99.000 29.3160 2.5900 8.6700 3.8400     0 1.09 
OBS: 57061.066 z C2   32.377   14.451   99.000 30.1533 1.7329 21.5101 4.0316     0 1.03 
OBS: 57066.043 g C2   14.386    5.772   99.000 30.6230 3.7200 7.3700 3.6800     0 1.09 
OBS: 57066.045 r C2   35.631   10.734   99.000 30.6490 3.6800 11.7600 3.6400     0 1.08 
OBS: 57066.047 i C2   15.608    9.937   99.000 30.9150 2.8000 19.9400 3.9000     0 0.99 
OBS: 57066.050 z C2   22.738   11.787   99.000 30.5045 2.7700 18.6075 4.0650     0 0.99 
OBS: 57067.096 g C2   25.724    3.907   99.000 30.6060 2.3500 7.3800 3.6900     0 1.19 
OBS: 57067.099 r C2   39.535    6.305   99.000 30.6640 2.1400 11.3500 3.6300     0 1.04 
OBS: 57067.101 i C2   35.839    8.474   99.000 30.9110 2.0600 22.2900 3.9300     0 0.90 
OBS: 57067.104 z C2   30.249   10.238   99.000 30.5390 1.9599 22.5201 4.0200     0 1.00 
OBS: 57252.289 g C2   -1.771    4.788   99.000 30.6260 3.0000 7.3900 3.6900     0 0.99 
OBS: 57252.291 r C2   -3.572    7.275   99.000 30.7080 2.5900 12.1100 3.6600     0 1.06 
OBS: 57252.293 i C2   -4.450    9.472   99.000 30.9750 2.5900 22.8800 3.9300     0 0.91 
OBS: 57252.295 z C2    0.484   12.947   99.000 30.6815 2.7183 23.3059 3.9900     0 0.90 
OBS: 57256.281 r C2   -9.931   10.269   99.000 30.7090 3.8600 11.3100 3.6300     0 0.95 
OBS: 57256.283 i C2  -25.048   12.189   99.000 30.9680 3.5900 20.6200 3.9600     0 0.95 
OBS: 57256.286 z C2  -28.318   14.821   99.000 30.6619 3.4458 20.7637 4.0046     0 0.94 
OBS: 57257.309 g C2   -8.083    5.007   99.000 30.5410 3.1400 7.2700 3.7000     0 1.03 
OBS: 57257.311 r C2   -6.798    7.344   99.000 30.5880 2.7800 10.6600 3.6300     0 1.07 
OBS: 57257.313 i C2   14.353    8.795   99.000 30.8700 2.6300 17.9900 3.8600     0 1.04 
OBS: 57257.315 z C2   -3.651    9.638   99.000 30.6141 2.4576 17.2046 3.9900     0 0.95 
