SURVEY:              DES 
SNID: 1308751 
IAUC: UNKNOWN
FILTERS:             griz 
FAKE:                0 
RA:    10.360195
DECL:   -44.080563
TYPE:                 101    #  OVERRIDE 
PEAKMJD:              57284.332031    #  OVERRIDE 
PSF_UNIT:            SIGMA-PIXELS 
REDSHIFT_HELIO: 0.3 +- 0.005 
REDSHIFT_CMB: 0.29908 +- 0.005 
VPEC: 14.523166 +- 250.0
PIXSIZE:             0.270 # arcsec 
MWEBV:       0.00710 
MWEBV_ERR:   0.00030 

HOSTGAL_OBJID:       -888 
HOSTGAL_PHOTOZ:      -9.0000 +- -9.0000 
HOSTGAL_SPECZ:       -9.0000 +- -9.0000 
HOSTGAL_SNSEP:       -9.00 
HOSTGAL_LOGMASS:      2.0 +- 2.0    #  OVERRIDE 
HOSTGAL_MAG:         888.00 888.00 888.00 888.00 
HOSTGAL_SB_FLUXCAL:  0.31 -0.33 -0.16 -0.57 


# Appended from HEADER-override file. 
PRIVATE(DES_mjd_latest_ml):      57329.033000 
PRIVATE(DES_mjd_trigger):        57283.129000 

# ---------------------- 
NOBS: 114
NVAR: 12
VARLIST:  MJD BAND FIELD FLUXCAL FLUXCALERR SIM_MAGOBS ZPFLUX PSF SKYSIG GAIN PHOTFLAG PHOTPROB
OBS: 57248.373 g E2    8.967    6.928   99.000 30.6740 4.2900 7.1400 3.3800     0 1.04 
OBS: 57248.375 r E2   -0.095    8.942   99.000 30.7280 4.2100 10.4500 3.6000     0 1.03 
OBS: 57248.378 i E2    9.453   14.208   99.000 31.0110 4.3000 19.4700 3.8400     0 0.98 
OBS: 57248.380 z E2  -21.327   15.634   99.000 30.6500 4.1101 18.9186 4.0401     0 0.96 
OBS: 57252.215 g E2    2.390    3.182   99.000 30.6620 2.3400 7.1600 3.3800     0 1.05 
OBS: 57252.218 r E2    6.043    4.522   99.000 30.7250 2.0600 10.4300 3.6200     0 1.10 
OBS: 57252.220 i E2   10.179    6.684   99.000 30.9710 2.2000 19.7900 3.8900     0 1.00 
OBS: 57252.223 z E2    6.790    8.310   99.000 30.6670 2.2205 19.8528 4.0400     0 0.90 
OBS: 57256.222 g E2    6.909    5.936   99.000 30.7080 4.1100 7.3900 3.4200     0 0.92 
OBS: 57256.225 r E2    3.260   11.126   99.000 30.7800 4.5100 10.8000 3.6000     0 0.87 
OBS: 57256.227 i E2   -2.441   13.136   99.000 31.0310 4.1900 19.2900 3.8400     0 1.02 
OBS: 57256.230 z E2   -0.243   13.905   99.000 30.6696 3.6856 20.0060 4.0100     0 1.01 
OBS: 57257.225 g E2   -6.190    6.124   99.000 30.4680 3.1600 8.4300 3.5700     0 1.04 
OBS: 57257.227 r E2  -10.106    9.906   99.000 30.2690 3.1600 11.2300 3.6600     0 0.98 
OBS: 57257.229 i E2    3.147   11.235   99.000 30.5530 2.8500 17.8200 3.8800     0 0.95 
OBS: 57257.232 z E2   10.948   10.580   99.000 30.3391 2.5630 16.0167 4.0400     0 0.98 
OBS: 57265.223 g E2  -44.281   32.400   99.000 30.6910 2.5500 36.3500 4.0000     0 0.97 
OBS: 57265.225 r E2   12.901   14.544   99.000 30.7190 2.2000 32.1500 3.8500     0 1.00 
OBS: 57265.227 i E2   -8.055   11.300   99.000 30.9800 2.2500 33.4000 3.9600     0 1.09 
OBS: 57265.230 z E2    3.838    8.258   99.000 30.6580 2.1450 20.6440 4.0050     0 0.96 
OBS: 57273.314 g E2   -1.744    3.212   99.000 30.6850 2.1900 7.5300 3.4500     0 1.03 
OBS: 57273.316 r E2    0.156    4.168   99.000 30.7370 2.1000 10.3400 3.6000     0 0.94 
OBS: 57273.320 z E2    8.736    5.452   99.000 30.6575 1.7880 15.4003 4.0452     0 0.92 
OBS: 57278.185 g E2   34.672    3.171   99.000 30.6670 2.3100 7.0300 3.3500     0 0.91 
OBS: 57278.188 r E2   54.242    4.378   99.000 30.7300 2.1800 9.6400 3.5400     0 1.02 
OBS: 57278.190 i E2   32.828    5.505   99.000 30.9820 2.1900 15.8300 3.8300     0 0.99 
OBS: 57278.192 z E2   23.012    6.067   99.000 30.6675 2.1196 15.4423 4.0500     0 1.02 
OBS: 57283.129 g E2   45.572    7.645   99.000 29.8780 2.6000 7.4400 3.4400     0 0.93 
OBS: 57283.131 r E2   88.294   10.567   99.000 30.0720 2.7700 10.9500 3.6400     0 0.98 
OBS: 57283.133 i E2   88.670   15.237   99.000 30.3900 2.8900 18.9400 3.9300     0 1.04 
OBS: 57283.136 z E2   82.654   14.964   99.000 30.0312 2.5335 18.5210 4.1055     0 1.00 
OBS: 57287.069 g E2    9.262   17.225   99.000 30.6600 4.5300 16.1500 3.9100     0 0.97 
OBS: 57287.072 r E2  105.989   14.751   99.000 30.6190 4.2400 16.6100 3.7300     0 1.00 
OBS: 57287.074 i E2  149.714   14.241   99.000 30.9670 3.8200 23.2800 3.9000     0 1.03 
OBS: 57287.077 z E2  110.633   13.902   99.000 30.5953 3.3643 21.0713 4.0254     0 1.04 
OBS: 57288.070 i E2  131.819   20.158   99.000 30.9570 4.4900 26.0000 3.8800     0 0.95 
OBS: 57288.073 z E2  100.865   19.255   99.000 30.6215 4.2444 20.8738 4.0050     0 0.99 
OBS: 57290.065 r E2  118.893   40.586   99.000 30.7800 4.5000 30.4300 3.8400     0 0.89 
OBS: 57290.067 i E2  179.555   24.724   99.000 30.9550 4.5000 35.6600 3.9500     0 1.01 
OBS: 57290.069 z E2  123.742   19.341   99.000 30.6775 3.6614 26.3711 4.0100     0 0.98 
OBS: 57291.079 g E2   37.103   26.471   99.000 30.6240 2.6800 38.4700 4.0000     0 0.87 
OBS: 57291.081 r E2  122.465   16.726   99.000 30.7050 2.4000 36.7900 3.8500     0 1.07 
OBS: 57291.083 i E2  116.982   12.206   99.000 30.9640 1.9700 40.5600 4.0300     0 1.01 
OBS: 57291.086 z E2  129.004   10.557   99.000 30.6425 1.9046 28.0191 4.0397     0 1.03 
OBS: 57297.043 g E2   20.464    6.581   99.000 30.6250 4.1100 7.7200 3.4700     0 1.01 
OBS: 57297.045 r E2   87.586    9.788   99.000 30.7090 3.6700 13.1000 3.7000     0 0.92 
OBS: 57297.048 i E2  121.329   13.867   99.000 30.9720 3.5700 26.1600 3.8800     0 0.95 
OBS: 57297.050 z E2  123.412   17.428   99.000 30.4681 3.2386 25.8403 4.0600     0 0.90 
OBS: 57301.046 g E2    4.879    6.302   99.000 30.0420 2.4200 7.8600 3.4900     0 0.96 
OBS: 57301.049 r E2   82.961   14.767   99.000 29.7140 2.2700 13.3600 3.7300     0 1.07 
OBS: 57301.051 i E2  164.503   21.356   99.000 29.7170 2.3700 22.8600 3.9900     0 1.04 
OBS: 57301.052 z E2   95.207   29.999   99.000 29.6370 2.1700 30.3700 4.0900 98304 0.99 
OBS: 57305.064 g E2   12.399    7.429   99.000 30.3460 3.6300 7.4800 3.4300     0 0.98 
OBS: 57305.066 r E2   61.650   11.174   99.000 30.4080 3.5600 11.7100 3.6600     0 1.00 
OBS: 57305.068 i E2  138.362   16.014   99.000 30.5680 3.4600 21.4500 3.9300     0 0.97 
OBS: 57305.071 z E2  142.295   21.306   99.000 29.9418 3.0663 20.7002 4.0582     0 0.99 
OBS: 57311.020 g E2    2.514    4.384   99.000 30.6120 2.8200 7.9200 3.5000     0 0.95 
OBS: 57311.023 r E2   37.914    6.722   99.000 30.6810 2.6700 12.4200 3.7000     0 1.00 
OBS: 57311.025 i E2   75.263    9.626   99.000 30.9440 2.7600 22.3000 3.9400     0 1.06 
OBS: 57311.028 z E2   97.079   10.973   99.000 30.6020 2.6222 21.9412 4.0458     0 1.06 
OBS: 57315.163 g E2   -2.863    7.098   99.000 30.6310 3.3000 10.6600 3.7500     0 0.98 
OBS: 57315.166 r E2   42.716   11.176   99.000 30.4420 2.9200 15.6600 3.7400     0 1.05 
OBS: 57315.168 i E2   52.586   15.765   99.000 30.6450 3.0700 25.0700 3.9200     0 1.06 
OBS: 57315.171 z E2   99.772   13.924   99.000 30.5187 3.1156 20.7921 4.0400     0 1.01 
OBS: 57325.010 g E2   13.477    4.414   99.000 27.5480 2.4100 3.7600 1.5500 65536 1.12 
OBS: 57325.012 r E2   18.377    5.980   99.000 30.7080 2.4000 12.8300 3.7200     0 0.98 
OBS: 57325.014 i E2   57.058    7.714   99.000 30.9640 2.2200 23.8300 3.9100     0 0.93 
OBS: 57325.016 z E2   44.986    9.403   99.000 30.6472 2.2388 23.8928 4.0353     0 1.04 
OBS: 57329.028 g E2    0.106    3.838   99.000 30.6530 2.5700 7.3300 3.4200     0 0.92 
OBS: 57329.031 r E2   14.657    5.909   99.000 30.7130 2.6500 11.5000 3.6700     0 0.93 
OBS: 57329.033 i E2   48.192    8.410   99.000 30.9530 2.4100 22.4000 3.9400     0 0.93 
OBS: 57329.035 z E2   39.650   11.666   99.000 30.6147 2.5837 22.5602 4.0384     0 0.99 
OBS: 57334.224 g E2    2.445    4.275   99.000 30.6490 2.8100 7.8400 3.5000     0 0.97 
OBS: 57334.226 r E2   14.505    5.191   99.000 30.7070 2.2300 11.7500 3.6800     0 0.95 
OBS: 57334.228 i E2   21.428    6.125   99.000 30.9540 1.8700 20.9500 3.9700     0 0.94 
OBS: 57334.231 z E2   32.808    7.699   99.000 30.6334 1.9247 20.7535 4.0400     0 0.99 
OBS: 57340.063 g E2    8.383    3.455   99.000 30.6700 2.3400 7.6600 3.4700     0 1.05 
OBS: 57340.066 r E2   16.359    4.550   99.000 30.7160 2.0300 11.0300 3.6300     0 0.93 
OBS: 57340.068 i E2   28.341    5.970   99.000 30.9580 1.8300 21.0500 3.9600     0 1.04 
OBS: 57340.070 z E2   27.565    7.198   99.000 30.6693 1.8232 22.3089 4.0200     0 0.94 
OBS: 57342.021 g E2    8.278    3.306   99.000 30.6350 1.7000 9.5800 3.6700     0 0.96 
OBS: 57342.024 r E2    8.913    4.766   99.000 30.6160 1.6500 12.8000 3.7000     0 0.96 
OBS: 57342.028 z E2   22.097    8.968   99.000 30.4142 1.6166 24.0805 4.0387     0 1.02 
OBS: 57347.079 r E2   20.556    9.746   99.000 30.7050 2.3500 21.8000 3.8100     0 0.93 
OBS: 57347.081 i E2   18.254    7.761   99.000 30.9650 1.8200 29.2400 3.9800     0 1.05 
OBS: 57347.084 z E2   28.492    7.979   99.000 30.6415 1.8109 23.7300 4.0309     0 0.89 
OBS: 57356.120 g E2    1.019    2.920   99.000 30.6430 1.8700 8.3700 3.5600     0 1.01 
OBS: 57356.122 r E2    7.821    4.053   99.000 30.7100 1.6500 11.7100 3.6600     0 1.03 
OBS: 57356.125 i E2   19.456    5.349   99.000 30.9680 1.5700 21.7400 3.9200     0 0.98 
OBS: 57356.127 z E2   15.584    5.393   99.000 30.6811 1.4504 20.1272 4.0500     0 0.94 
OBS: 57366.039 g E2   -0.452    3.230   99.000 30.6620 2.0500 8.7300 3.6100     0 1.11 
OBS: 57366.041 r E2    5.176    4.544   99.000 30.7170 1.9100 11.1700 3.6500     0 0.96 
OBS: 57366.043 i E2   23.610    6.084   99.000 30.9550 1.8500 20.6000 3.9700     0 0.98 
OBS: 57366.046 z E2   27.675    6.975   99.000 30.6125 1.7650 20.8348 4.0550     0 0.99 
OBS: 57373.036 g E2  -13.394   10.425   99.000 30.7280 3.4500 16.1200 3.8900     0 0.99 
OBS: 57373.038 r E2    9.997    8.896   99.000 30.7270 2.9400 16.3000 3.7400     0 0.94 
OBS: 57373.040 i E2   31.309   10.725   99.000 30.9820 2.8200 26.3100 3.8900     0 1.01 
OBS: 57373.042 z E2   25.009   10.120   99.000 30.6447 2.5474 23.0305 4.0384     0 1.01 
OBS: 57385.092 g E2    2.557    4.715   99.000 30.6510 2.4700 9.7500 3.6900     0 0.93 
OBS: 57385.095 r E2   16.109    5.610   99.000 30.7140 2.1800 12.8900 3.7000     0 1.05 
OBS: 57385.097 i E2    6.523    7.104   99.000 30.9710 1.8800 23.2900 3.9100     0 0.98 
OBS: 57385.099 z E2   14.974    7.440   99.000 30.6323 1.7908 22.5524 4.0544     0 1.00 
OBS: 57389.057 g E2   -1.956    4.446   99.000 30.6730 2.8200 7.9500 3.5200     0 0.84 
OBS: 57389.060 r E2    9.463    5.361   99.000 30.7170 2.3600 11.3700 3.6500     0 0.98 
OBS: 57389.062 i E2   10.676    7.514   99.000 30.9630 2.1300 23.1300 3.9300     0 0.94 
OBS: 57389.064 z E2   -1.754   10.394   99.000 30.5900 2.3265 22.9417 4.0500     0 0.95 
OBS: 57396.044 g E2   -0.264    5.716   99.000 30.6610 2.4700 11.5900 3.8000     0 0.97 
OBS: 57396.047 r E2   -2.746    5.556   99.000 30.7200 2.2200 13.2400 3.7100     0 1.06 
OBS: 57396.049 i E2   14.452    7.608   99.000 30.9600 2.1900 23.4800 3.9100     0 0.89 
OBS: 57396.051 z E2   10.010    9.830   99.000 30.5858 2.2681 22.1922 4.0400     0 1.00 
OBS: 57403.045 g E2    3.069    6.016   99.000 30.6450 1.8000 16.3700 3.9200     0 1.02 
OBS: 57403.047 r E2    9.521    6.032   99.000 30.7060 1.6900 17.5800 3.7800     0 1.02 
OBS: 57403.049 i E2    7.662    6.973   99.000 30.9670 1.6100 27.2700 4.0000     0 0.95 
OBS: 57403.052 z E2    3.949    7.771   99.000 30.6201 1.6200 25.7243 4.0651     0 0.94 
