SURVEY:              DES 
SNID: 1308582 
IAUC: UNKNOWN
FILTERS:             griz 
FAKE:                0 
RA:    37.137245
DECL:    -4.372774
TYPE:                 101    #  OVERRIDE 
PEAKMJD:              57287.523438    #  OVERRIDE 
PSF_UNIT:            SIGMA-PIXELS 
REDSHIFT_HELIO: 0.36812 +- 0.0005 
REDSHIFT_CMB: 0.3670473 +- 0.0005 
VPEC: -17.533146 +- 250.0
PIXSIZE:             0.270 # arcsec 
MWEBV:       0.02640 
MWEBV_ERR:   0.00030 

HOSTGAL_OBJID:       19324 
HOSTGAL_PHOTOZ:      0.3770 +- 0.0464 
HOSTGAL_SPECZ:       0.3680 +- -9.0000 
HOSTGAL_SNSEP:       0.35 
HOSTGAL_LOGMASS:      10.698 +- 0.01    #  OVERRIDE 
HOSTGAL_MAG:         22.20 20.57 20.01 19.75 
HOSTGAL_SB_FLUXCAL:  25.71 132.58 212.04 274.30 


# Appended from HEADER-override file. 
PRIVATE(DES_mjd_latest_ml):      57325.133000 
PRIVATE(DES_mjd_trigger):        57283.189000 

# ---------------------- 
NOBS: 87
NVAR: 12
VARLIST:  MJD BAND FIELD FLUXCAL FLUXCALERR SIM_MAGOBS ZPFLUX PSF SKYSIG GAIN PHOTFLAG PHOTPROB
OBS: 57249.293 g X3    1.132    3.098   99.000 30.8221 2.9148 4.9266 3.7266     0 0.98 
OBS: 57249.302 r X3   -1.189    3.133   99.000 31.7551 2.8400 11.1559 3.6533     0 1.00 
OBS: 57249.318 i X3   -7.000    3.283   99.000 31.6359 2.5738 12.4540 3.7860     0 1.01 
OBS: 57249.342 z X3   -3.268    3.527   99.000 31.2244 2.2803 11.3395 3.9789     0 0.97 
OBS: 57253.343 g X3    1.470    2.715   99.000 30.9024 2.6731 4.8420 3.7298     0 0.95 
OBS: 57253.352 r X3   -0.701    2.839   99.000 31.7682 2.5322 11.1505 3.6397     0 1.01 
OBS: 57253.372 i X3   -5.423    3.121   99.000 31.6475 2.3821 13.1092 3.7922     0 0.98 
OBS: 57255.288 z X3    3.658    4.847   99.000 30.8501 2.4062 10.3981 3.9750     0 1.00 
OBS: 57257.323 g X3   -3.861    2.702   99.000 30.8671 2.6522 4.8016 3.7000     0 0.98 
OBS: 57257.332 r X3   -3.423    2.735   99.000 31.7686 2.5205 10.6397 3.6538     0 1.03 
OBS: 57257.353 i X3   -1.872    2.692   99.000 31.6269 2.0239 12.1336 3.7385     0 1.01 
OBS: 57265.240 z X3   -7.644    4.643   99.000 31.2245 2.6783 13.1596 3.9344     0 1.02 
OBS: 57265.391 i X3  -12.202    4.612   99.000 31.6365 2.1835 22.5380 3.8904     0 1.00 
OBS: 57273.342 i X3   63.204    3.088   99.000 31.6521 2.7615 10.6612 3.7683     0 1.03 
OBS: 57273.364 z X3   59.721    3.361   99.000 31.2580 2.5447 9.4598 3.9504     0 0.98 
OBS: 57278.217 r X3  136.033    2.930   99.000 31.7536 2.5328 10.9213 3.6534     0 1.06 
OBS: 57278.258 g X3  100.089    2.693   99.000 30.8714 2.4047 4.7323 3.6995     0 0.99 
OBS: 57283.189 i X3  155.056    3.142   99.000 31.6454 2.4991 11.7829 3.7520     0 1.03 
OBS: 57283.214 z X3  134.135    2.823   99.000 31.2864 2.0413 9.6688 3.9634     0 1.00 
OBS: 57287.180 g X3  116.986    8.641   99.000 30.7180 4.2892 9.9004 3.8804     0 0.98 
OBS: 57287.238 r X3  194.493    3.496   99.000 31.7680 3.1208 11.8442 3.7035     0 0.96 
OBS: 57287.263 i X3  168.654    3.750   99.000 31.6510 3.4011 10.7224 3.7456     0 1.06 
OBS: 57287.291 z X3  144.379    4.284   99.000 31.2382 2.9519 9.7217 3.9641 32768 1.02 
OBS: 57291.169 i X3  178.028    6.502   99.000 31.6075 2.6354 25.6172 3.8929 98304 1.02 
OBS: 57291.236 r X3  202.009    6.006   99.000 31.7561 2.5340 28.9013 3.8367     0 1.00 
OBS: 57291.252 z X3  145.607    3.474   99.000 31.2452 2.0441 12.5329 3.9528     0 0.97 
OBS: 57297.258 r X3  165.287    5.886   99.000 31.7732 2.8837 24.3838 3.8342     0 1.04 
OBS: 57297.273 i X3  168.855    4.408   99.000 31.6614 2.6553 18.8178 3.8784     0 0.98 
OBS: 57297.296 z X3  118.352    4.666   99.000 31.2303 2.8136 13.1315 3.9515     0 1.00 
OBS: 57301.292 r X3  132.155    9.410   99.000 30.5592 2.4719 15.5991 3.7587     0 1.08 
OBS: 57302.139 z X3  108.040    3.606   99.000 31.1812 2.3076 10.5830 3.9557     0 0.99 
OBS: 57302.306 g X3   55.839    4.843   99.000 30.7974 4.0927 5.1435 3.7399     0 1.05 
OBS: 57303.231 g X3   51.053    3.579   99.000 30.7182 3.2223 4.6437 3.7066     0 0.97 
OBS: 57305.292 r X3   87.494    5.673   99.000 31.7136 4.2318 14.4978 3.6743 65536 1.11 
OBS: 57305.310 i X3  118.026    5.737   99.000 31.6301 4.0368 14.0034 3.7405 98304 1.01 
OBS: 57311.120 r X3   60.189    3.274   99.000 31.7427 3.1006 10.4884 3.6576     0 1.05 
OBS: 57311.136 i X3   95.344    2.680   99.000 31.6327 2.1241 10.7599 3.7682     0 0.94 
OBS: 57311.160 z X3   94.813    2.921   99.000 31.2425 2.3360 7.9441 3.9718     0 1.00 
OBS: 57311.271 g X3   15.664    2.739   99.000 30.8778 2.6224 4.9169 3.6987     0 0.98 
OBS: 57315.219 g X3    9.507    3.339   99.000 30.8019 3.2583 4.8227 3.7116     0 0.94 
OBS: 57315.240 r X3   31.585    9.297   99.000 31.0174 3.4494 14.9084 3.7833 32768 0.90 
OBS: 57316.100 i X3   70.890    8.365   99.000 31.1571 3.3255 19.6321 3.8911     0 0.97 
OBS: 57317.098 z X3   90.454    3.599   99.000 31.2083 2.1386 12.2511 3.9707     0 1.00 
OBS: 57319.116 r X3   18.272    6.735   99.000 31.7384 3.4496 25.5439 3.8400     0 0.97 
OBS: 57319.289 g X3   13.147   10.412   99.000 30.8046 3.5915 14.5864 3.8800     0 0.97 
OBS: 57325.077 i X3   30.929   10.019   99.000 31.6218 2.3387 31.6860 3.9151 32768 0.99 
OBS: 57325.140 z X3   67.341    4.710   99.000 31.0137 1.8147 8.0819 3.9034 65536 0.96 
OBS: 57327.078 g X3    4.088    2.818   99.000 29.8705 2.7623 2.2990 3.2652 65536 0.99 
OBS: 57327.183 r X3   20.390    2.929   99.000 31.7355 1.8229 16.1554 3.7929     0 0.96 
OBS: 57329.071 i X3   46.782    3.453   99.000 31.6193 2.4206 14.1757 3.8138 65536 0.95 
OBS: 57329.116 z X3   53.180    3.736   99.000 31.2049 2.3085 12.2997 3.9757     0 0.99 
OBS: 57331.067 g X3    7.773    2.982   99.000 30.8369 2.9436 4.7862 3.7135     0 1.01 
OBS: 57331.145 r X3   19.626    2.769   99.000 31.7643 2.5372 11.4678 3.6966     0 0.97 
OBS: 57339.046 i X3   30.650    4.030   99.000 31.6284 2.9128 14.2936 3.8007     0 0.99 
OBS: 57339.073 z X3   28.813    4.544   99.000 31.2551 2.6301 13.0433 3.9600 32768 1.00 
OBS: 57339.176 g X3    6.034    2.731   99.000 30.8882 2.8158 4.7631 3.7368     0 0.99 
OBS: 57339.185 r X3   13.502    2.633   99.000 31.7478 2.2617 11.0830 3.6667     0 1.05 
OBS: 57345.135 i X3   36.135    3.151   99.000 31.6375 2.2453 14.3690 3.8110     0 0.96 
OBS: 57345.162 z X3   33.982    3.082   99.000 31.2285 2.0133 11.1687 3.9785     0 0.99 
OBS: 57346.038 g X3   10.420    5.196   99.000 30.8132 2.2268 11.6180 3.9037     0 0.99 
OBS: 57355.170 r X3   17.118    3.367   99.000 31.7233 1.9233 19.7249 3.7798     0 0.99 
OBS: 57355.186 i X3   27.854    3.074   99.000 31.6062 1.7442 17.1374 3.8659     0 0.95 
OBS: 57356.033 z X3   22.235    2.817   99.000 31.2413 1.8037 11.2524 3.9707     0 0.98 
OBS: 57356.109 g X3    4.324    2.065   99.000 30.8599 1.9193 4.6186 3.7270     0 1.07 
OBS: 57365.065 r X3   13.480    2.142   99.000 31.7243 1.7632 9.6934 3.6835     0 1.02 
OBS: 57365.081 i X3   22.884    2.259   99.000 31.6048 1.6195 10.8650 3.7898     0 0.99 
OBS: 57366.067 g X3    5.109    2.266   99.000 30.8671 2.1483 4.6303 3.7199     0 1.01 
OBS: 57366.076 z X3   12.838    2.995   99.000 31.1929 1.7141 12.8972 3.9720     0 0.97 
OBS: 57372.059 r X3    8.555    3.156   99.000 31.6851 2.4366 11.6547 3.6658     0 1.05 
OBS: 57372.076 i X3   18.710    2.836   99.000 31.6186 2.1830 11.8536 3.7643     0 1.08 
OBS: 57373.064 g X3    4.084    2.839   99.000 30.8858 2.2004 6.8627 3.8237     0 0.91 
OBS: 57373.072 z X3   22.638    3.183   99.000 31.2123 1.7466 13.4859 3.9713 32768 0.97 
OBS: 57385.040 i X3   12.351    2.836   99.000 31.6522 2.2518 11.6554 3.7870     0 0.96 
OBS: 57386.056 g X3    1.888    2.346   99.000 30.8912 2.3060 4.6957 3.6995     0 0.98 
OBS: 57387.046 z X3    9.594    3.144   99.000 31.1576 1.8454 11.4979 3.9835 32768 1.03 
OBS: 57387.091 r X3   12.846    2.128   99.000 31.7246 1.6759 10.3995 3.7134     0 1.02 
OBS: 57389.086 i X3   19.350    3.704   99.000 31.6338 2.7953 13.8867 3.7964     0 0.99 
OBS: 57394.071 g X3    5.025    2.635   99.000 30.8807 2.5883 4.8112 3.6770     0 0.97 
OBS: 57394.080 r X3    8.720    2.611   99.000 31.7498 2.3066 10.6251 3.6730     0 1.06 
OBS: 57395.045 z X3    9.270    4.120   99.000 31.1487 2.4043 11.5861 3.9934     0 0.99 
OBS: 57396.071 i X3    8.292    3.417   99.000 31.6214 2.0495 16.1209 3.8178 32768 0.98 
OBS: 57400.115 g X3    3.222    3.337   99.000 30.7547 2.6545 5.6943 3.7675     0 1.00 
OBS: 57401.044 r X3    8.237    2.566   99.000 31.7396 2.0096 11.7189 3.6978     0 1.04 
OBS: 57402.062 z X3   12.754    2.547   99.000 31.1543 1.4611 11.4538 3.9897     0 1.01 
OBS: 57403.073 i X3    9.430    3.442   99.000 31.6231 1.5763 18.8298 3.8571     0 0.98 
OBS: 57406.100 r X3   31.354    7.678   99.000 31.7269 2.4449 29.0107 3.8400     0 0.98 
OBS: 57408.042 g X3   -5.708   11.581   99.000 30.8031 2.1481 20.7782 3.9258     0 0.94 
