SURVEY:              DES 
SNID: 1334707 
IAUC: UNKNOWN
FILTERS:             griz 
FAKE:                0 
RA:    51.776356
DECL:   -28.627846
TYPE:                 101    #  OVERRIDE 
PEAKMJD:              57335.472656    #  OVERRIDE 
PSF_UNIT:            SIGMA-PIXELS 
REDSHIFT_HELIO: 0.6503 +- 0.0005 
REDSHIFT_CMB: 0.6496402 +- 0.0005 
VPEC: 2.848737 +- 250.0
PIXSIZE:             0.270 # arcsec 
MWEBV:       0.01180 
MWEBV_ERR:   0.00100 

HOSTGAL_OBJID:       40689 
HOSTGAL_PHOTOZ:      0.6246 +- 0.0793 
HOSTGAL_SPECZ:       0.6495 +- -9.0000 
HOSTGAL_SNSEP:       0.28 
HOSTGAL_LOGMASS:      9.267 +- 0.2315    #  OVERRIDE 
HOSTGAL_MAG:         23.63 23.22 22.81 22.76 
HOSTGAL_SB_FLUXCAL:  7.05 10.67 15.30 16.19 


# Appended from HEADER-override file. 
PRIVATE(DES_mjd_latest_ml):      57394.097000 
PRIVATE(DES_mjd_trigger):        57327.086000 

# ---------------------- 
NOBS: 78
NVAR: 12
VARLIST:  MJD BAND FIELD FLUXCAL FLUXCALERR SIM_MAGOBS ZPFLUX PSF SKYSIG GAIN PHOTFLAG PHOTPROB
OBS: 57287.190 z C3   -2.329    2.970   99.000 31.1797 3.2649 9.3265 4.0846     0 1.08 
OBS: 57287.254 g C3   -3.732    2.657   99.000 30.8412 3.4264 4.3670 4.1354     0 1.02 
OBS: 57287.352 r C3   -0.930    2.424   99.000 31.8203 3.2613 9.4088 3.6861     0 0.99 
OBS: 57288.297 r C3   -1.048    2.688   99.000 31.8112 3.8115 9.3583 3.6818     0 1.02 
OBS: 57288.317 i C3   -1.956    3.117   99.000 31.6379 3.1993 11.6723 3.8300     0 0.98 
OBS: 57291.206 r C3  -19.412    6.060   99.000 31.6806 2.6347 30.2509 3.9011     0 1.09 
OBS: 57292.180 z C3  -17.884    4.070   99.000 31.2147 3.2648 14.4533 4.0524 65536 1.03 
OBS: 57292.226 i C3    7.342    5.253   99.000 31.6425 2.9234 20.7290 3.9947     0 0.97 
OBS: 57297.247 g C3   11.694    8.392   99.000 30.8466 3.1728 13.0025 4.3504     0 1.01 
OBS: 57297.346 r C3   -1.431    4.819   99.000 31.8134 2.9372 20.4592 3.8463     0 0.95 
OBS: 57297.364 i C3   -3.838    3.646   99.000 31.6473 2.6703 16.5545 3.9309     0 1.01 
OBS: 57299.158 z C3   -0.010    3.945   99.000 30.2975 2.3920 12.3277 4.1522     0 1.03 
OBS: 57302.241 g C3   -1.356    1.498   99.000 30.8599 2.2900 3.9510 4.0317     0 1.00 
OBS: 57302.251 r C3   -0.960    1.904   99.000 31.8065 2.5433 9.5146 3.7105     0 0.96 
OBS: 57302.267 i C3    0.692    2.197   99.000 31.6525 2.6583 10.8147 3.8236     0 0.98 
OBS: 57304.307 z C3    2.286    3.387   99.000 30.6724 2.6043 9.1534 4.1363     0 1.02 
OBS: 57311.207 g C3    0.391    1.597   99.000 30.8423 2.2619 4.0087 4.1300     0 0.95 
OBS: 57311.216 r C3    0.255    1.555   99.000 31.8083 2.0355 8.8154 3.7233     0 1.01 
OBS: 57311.232 i C3   -1.762    1.315   99.000 31.6387 1.8385 8.9543 3.8172     0 0.98 
OBS: 57311.308 z C3   -4.889    2.634   99.000 30.9786 1.7739 12.0750 4.1198 32768 1.07 
OBS: 57317.161 g C3    6.286    4.201   99.000 30.8158 2.2829 9.6279 4.3096     0 1.01 
OBS: 57317.190 r C3   10.789    2.339   99.000 31.7980 2.0838 14.7663 3.7869     0 0.96 
OBS: 57318.108 i C3    2.458    3.766   99.000 31.6110 2.8680 17.0474 3.9300     0 1.00 
OBS: 57318.129 z C3    0.727    2.878   99.000 31.1925 2.6440 12.4759 4.0984     0 1.01 
OBS: 57325.181 r C3   43.001    4.003   99.000 31.8014 1.8409 24.1236 3.9069     0 0.98 
OBS: 57327.086 g C3   25.152    2.163   99.000 30.7765 2.7325 4.3070 4.1166     0 0.93 
OBS: 57327.096 i C3   48.679    2.419   99.000 31.6180 2.1539 13.4227 3.8893     0 0.95 
OBS: 57327.133 z C3   41.187    2.385   99.000 31.1981 1.8637 10.8090 4.1176     0 1.02 
OBS: 57329.195 r C3   61.984    2.243   99.000 31.8027 2.7081 9.9532 3.7200     0 0.95 
OBS: 57331.191 g C3   29.419    1.742   99.000 30.8630 2.3324 3.9933 4.0967     0 0.94 
OBS: 57331.216 i C3   61.331    2.406   99.000 31.6484 2.5923 11.4888 3.8282     0 0.94 
OBS: 57331.241 z C3   56.122    2.333   99.000 31.2460 2.1402 10.6592 4.1007     0 1.00 
OBS: 57339.132 r C3   72.028    2.332   99.000 31.7873 2.8328 10.0573 3.7133     0 0.97 
OBS: 57339.202 g C3   22.183    1.895   99.000 30.8497 2.6147 4.1030 4.0795     0 1.03 
OBS: 57339.211 i C3   70.412    2.014   99.000 31.6322 2.1890 11.6551 3.8197     0 0.93 
OBS: 57339.235 z C3   58.062    3.308   99.000 31.2298 2.7432 11.3095 4.0966     0 0.98 
OBS: 57345.255 g C3   10.134    1.899   99.000 30.8440 2.6720 4.1146 4.1122     0 1.01 
OBS: 57345.263 r C3   60.317    2.006   99.000 31.8044 2.4021 9.6581 3.6933     0 0.97 
OBS: 57345.286 i C3   64.814    2.544   99.000 31.6368 2.6701 11.8319 3.8086     0 1.01 
OBS: 57346.049 z C3   65.208    2.322   99.000 31.2047 1.7848 14.0756 4.1183 98304 1.11 
OBS: 57349.229 i C3   49.674    8.465   99.000 31.6380 2.2600 44.5900 3.9600 65536 0.91 
OBS: 57355.254 z C3   51.576    2.562   99.000 31.2107 1.8983 12.7687 4.1031 32768 1.04 
OBS: 57356.079 r C3   40.975    1.487   99.000 31.7953 1.7633 8.9231 3.7033     0 0.94 
OBS: 57356.135 g C3    7.585    2.300   99.000 30.8476 1.8338 7.1888 4.2978     0 1.01 
OBS: 57356.145 i C3   48.203    1.886   99.000 31.6432 1.5945 14.1430 3.8943     0 0.94 
OBS: 57359.227 z C3   32.740    6.223   99.000 30.1421 1.9115 31.3089 4.1124 98304 1.03 
OBS: 57365.196 g C3    2.402    1.148   99.000 30.8330 1.5906 3.9044 4.0658     0 0.98 
OBS: 57365.205 r C3   23.783    1.275   99.000 31.7976 1.4232 8.7333 3.7263     0 1.01 
OBS: 57365.221 i C3   30.045    1.129   99.000 31.6146 1.3818 9.2374 3.8702     0 1.01 
OBS: 57372.127 g C3   -0.406    1.401   99.000 30.8525 2.0736 4.0086 4.1277     0 0.99 
OBS: 57372.136 r C3   14.573    1.906   99.000 31.7125 2.1463 9.6342 3.7214     0 1.02 
OBS: 57372.153 i C3   21.562    2.283   99.000 31.5480 2.0656 12.5428 3.9115     0 0.99 
OBS: 57372.175 z C3   33.654    2.807   99.000 30.9138 1.5414 12.4855 4.1479 32768 1.09 
OBS: 57376.172 g C3   11.608    7.328   99.000 30.8371 3.2395 11.6471 4.3865     0 1.06 
OBS: 57378.042 r C3    7.473    6.990   99.000 31.8070 2.0600 42.5700 3.9000 65536 1.06 
OBS: 57378.143 z C3   24.595    2.396   99.000 31.2152 1.6812 13.8331 4.0717     0 1.09 
OBS: 57385.162 g C3    7.559    3.548   99.000 30.8330 1.6948 11.3920 4.3805     0 1.02 
OBS: 57385.171 r C3    8.654    2.308   99.000 31.8009 1.6666 17.5345 3.8307     0 1.00 
OBS: 57387.107 i C3   10.166    1.413   99.000 31.6238 1.6440 10.6519 3.8433     0 0.98 
OBS: 57387.132 z C3   19.961    2.795   99.000 31.1598 1.6148 14.4962 4.1339 32768 1.13 
OBS: 57389.140 g C3   -0.271    2.243   99.000 30.8585 2.9635 4.3971 4.1385     0 1.04 
OBS: 57389.163 r C3    5.790    2.050   99.000 31.8097 2.4531 10.3172 3.7309     0 0.96 
OBS: 57391.171 i C3   15.277    5.225   99.000 30.9740 2.0471 15.2646 3.9349 98304 1.00 
OBS: 57394.094 z C3   15.639    3.047   99.000 31.1600 2.3896 11.8154 4.1154     0 1.04 
OBS: 57394.171 g C3   -1.173    2.220   99.000 30.8031 3.1059 4.0933 4.0775     0 1.00 
OBS: 57395.159 r C3    4.510    2.904   99.000 31.7810 3.8933 9.6607 3.6764     0 0.97 
OBS: 57397.091 i C3    4.952    2.166   99.000 31.6119 2.1284 12.3908 3.8923     0 0.93 
OBS: 57399.176 g C3    0.988    2.238   99.000 30.7982 2.9366 4.2300 4.1345     0 1.01 
OBS: 57401.072 z C3    9.931    3.372   99.000 31.1631 1.6853 16.2615 4.1267 32768 1.11 
OBS: 57402.110 r C3    3.365    1.531   99.000 31.7984 1.7056 10.6032 3.7371     0 0.92 
OBS: 57404.045 i C3    4.198    2.044   99.000 31.6460 1.7992 14.5886 3.8915     0 0.98 
OBS: 57406.044 g C3   -1.910    6.458   99.000 30.8547 2.0695 15.5490 4.3847 32768 1.01 
OBS: 57406.116 z C3    5.329    2.566   99.000 31.1969 1.9365 13.4739 4.0899     0 1.03 
OBS: 57408.094 r C3    0.244    5.674   99.000 31.7641 2.0634 33.3079 3.8900 32768 0.91 
OBS: 57425.071 i C3    4.576    5.836   99.000 31.6040 2.6000 28.7500 3.9000 65536 1.02 
OBS: 57425.110 g C3   -2.021    2.267   99.000 30.7607 2.6901 4.5610 4.1831     0 0.99 
OBS: 57426.071 z C3   -0.469    2.892   99.000 31.0942 2.5365 10.6181 4.1049 32768 1.06 
OBS: 57426.118 r C3    3.275    2.620   99.000 31.7264 2.9995 10.7265 3.7211     0 1.01 
