SURVEY:              DES 
SNID: 1330031 
IAUC: UNKNOWN
FILTERS:             griz 
FAKE:                0 
RA:     9.140839
DECL:   -43.487255
TYPE:                 1    #  OVERRIDE 
PEAKMJD:              57311.640625    #  OVERRIDE 
PSF_UNIT:            SIGMA-PIXELS 
REDSHIFT_HELIO: 0.10643 +- 0.0005 
REDSHIFT_CMB: 0.105629 +- 0.0005 
VPEC: 32.667717 +- 250.0
PIXSIZE:             0.270 # arcsec 
MWEBV:       0.00710 
MWEBV_ERR:   0.00050 

HOSTGAL_OBJID:       21946 
HOSTGAL_PHOTOZ:      0.1644 +- 0.0416 
HOSTGAL_SPECZ:       0.1063 +- -9.0000 
HOSTGAL_SNSEP:       1.78 
HOSTGAL_LOGMASS:      8.941 +- 0.139    #  OVERRIDE 
HOSTGAL_MAG:         21.39 20.83 20.56 20.43 
HOSTGAL_SB_FLUXCAL:  30.95 49.21 81.27 76.25 


# Appended from HEADER-override file. 
PRIVATE(DES_mjd_latest_ml):      57407.044000 
PRIVATE(DES_mjd_trigger):        57301.033000 

# ---------------------- 
NOBS: 142
NVAR: 12
VARLIST:  MJD BAND FIELD FLUXCAL FLUXCALERR SIM_MAGOBS ZPFLUX PSF SKYSIG GAIN PHOTFLAG PHOTPROB
OBS: 57256.209 g E1    4.999    7.949   99.000 30.7870 4.4300 6.9800 3.9600     0 0.72 
OBS: 57256.211 r E1  -20.139    9.298   99.000 30.7560 3.9000 10.6100 3.7800     0 0.83 
OBS: 57256.213 i E1  -29.344   16.536   99.000 30.9670 4.2600 19.9900 3.8500     0 0.69 
OBS: 57256.216 z E1   21.124   20.272   99.000 30.6570 4.0045 19.5407 4.1905     0 0.83 
OBS: 57256.222 g E2   -5.008    6.379   99.000 30.7090 4.1300 6.8600 3.9900     0 0.94 
OBS: 57256.225 r E2   26.796   12.478   99.000 30.7090 4.5300 10.7200 3.6000     0 0.79 
OBS: 57256.227 i E2   -5.934   14.758   99.000 30.9640 4.2200 19.4200 3.8200     0 0.78 
OBS: 57256.229 z E2   37.968   16.456   99.000 30.6796 3.6485 19.8327 4.0193     0 0.81 
OBS: 57257.214 r E1  -18.132    7.793   99.000 30.5990 2.5600 12.1100 3.8200     0 0.77 
OBS: 57257.216 i E1  -24.471    9.367   99.000 30.7800 2.3800 19.7000 3.8900     0 0.77 
OBS: 57257.219 z E1  -33.390   10.442   99.000 30.5142 2.4043 16.0542 4.2000     0 0.89 
OBS: 57257.225 g E2    7.871    5.958   99.000 30.4510 3.1700 7.9300 4.0500     0 0.87 
OBS: 57257.227 r E2    4.174   10.519   99.000 30.2920 3.1600 11.1600 3.6900     0 0.80 
OBS: 57257.229 i E2    3.748   11.611   99.000 30.5650 2.8500 17.9200 3.8600     0 0.88 
OBS: 57257.232 z E2   26.226   11.144   99.000 30.3479 2.5737 16.0530 4.0320     0 0.88 
OBS: 57265.209 g E1 -131.910   24.085   99.000 30.8210 2.5500 35.7600 4.3000     0 0.98 
OBS: 57265.212 r E1  -28.204   17.933   99.000 30.7740 2.4600 32.0500 3.9400     0 0.82 
OBS: 57265.214 i E1  -33.506   13.055   99.000 30.9960 2.2500 33.7200 3.9500     0 0.93 
OBS: 57265.217 z E1  -24.306   10.947   99.000 30.6739 2.2210 20.6298 4.2100     0 0.80 
OBS: 57265.223 g E2   -1.084   23.520   99.000 30.7530 2.6000 35.5900 4.2600     0 0.90 
OBS: 57265.225 r E2   11.715   13.748   99.000 30.7280 2.2100 32.4400 3.8200     0 0.88 
OBS: 57265.227 i E2   11.591   13.211   99.000 30.9880 2.2700 33.6900 3.9200     0 0.93 
OBS: 57265.230 z E2   15.628    9.410   99.000 30.6678 2.1344 20.6014 4.0300     0 0.86 
OBS: 57273.096 r E1    5.892    8.938   99.000 30.6900 3.3400 11.5400 3.8100     0 0.87 
OBS: 57273.098 i E1  -40.474   14.636   99.000 30.9200 3.2100 23.8700 3.8900     0 0.73 
OBS: 57273.101 z E1  -49.300   18.348   99.000 30.5960 3.4322 22.0704 4.1963     0 0.76 
OBS: 57273.314 g E2   -2.246    3.393   99.000 30.6740 2.2100 7.1300 3.9400     0 1.13 
OBS: 57273.316 r E2    8.564    4.661   99.000 30.7380 2.1100 10.4300 3.6500     0 1.07 
OBS: 57273.318 i E2    6.847    4.552   99.000 30.9850 1.8700 16.1700 3.8200     0 1.10 
OBS: 57273.320 z E2   12.249    5.909   99.000 30.6725 1.7681 15.5421 4.0300     0 0.99 
OBS: 57277.091 z E1  -64.981   13.401   99.000 30.6265 2.9017 17.8925 4.1987     0 0.65 
OBS: 57278.185 g E2    3.506    3.293   99.000 30.6990 2.4100 6.6600 3.9400     0 0.86 
OBS: 57278.188 r E2   12.669    4.637   99.000 30.7410 2.2400 9.6700 3.6100     0 1.11 
OBS: 57278.190 i E2    7.683    5.819   99.000 30.9870 2.2100 15.9900 3.8200     0 1.07 
OBS: 57278.192 z E2   -0.021    6.945   99.000 30.6824 2.1430 15.4426 4.0307     0 0.93 
OBS: 57283.100 z E1   -8.413   33.683   99.000 29.7440 1.9700 30.4100 4.2600 65536 0.62 
OBS: 57283.129 g E2   10.678    6.964   99.000 29.9350 2.5800 6.9900 4.0200     0 0.95 
OBS: 57283.131 r E2    1.514   10.712   99.000 30.1020 2.7700 10.9400 3.7100     0 0.93 
OBS: 57283.133 i E2   17.808   13.101   99.000 30.4160 2.8600 19.1500 3.8600     0 0.92 
OBS: 57283.136 z E2   67.922   17.448   99.000 30.0441 2.5134 18.6204 4.1001     0 0.90 
OBS: 57287.065 z E1  -36.589   31.889   99.000 30.5960 3.5700 29.6700 4.2100 65536 0.72 
OBS: 57287.069 g E2   33.383   16.076   99.000 30.6450 4.5000 15.7100 4.2100     0 0.77 
OBS: 57287.072 r E2   26.996   16.497   99.000 30.6950 4.2100 16.7000 3.7300     0 0.82 
OBS: 57287.074 i E2   26.971   14.395   99.000 30.9430 3.7900 23.2300 3.8700     0 0.81 
OBS: 57287.076 z E2   36.360   15.578   99.000 30.5833 3.3559 21.0763 4.0245     0 0.80 
OBS: 57288.070 i E2   18.370   20.888   99.000 30.9300 4.4900 26.1400 3.8500     0 0.83 
OBS: 57288.073 z E2   43.442   20.260   99.000 30.6016 4.2308 20.7959 3.9953     0 0.83 
OBS: 57290.065 r E2   42.808   38.114   99.000 30.8800 4.5000 30.2300 3.8000     0 0.88 
OBS: 57290.067 i E2   14.604   38.345   99.000 30.9420 4.4300 35.2400 3.9200     0 0.79 
OBS: 57290.070 z E2   55.306   21.151   99.000 30.6778 3.5778 26.0284 4.0045     0 0.79 
OBS: 57291.079 g E2   85.247   23.861   99.000 30.6880 2.7000 37.6500 4.2600     0 1.00 
OBS: 57291.081 r E2   45.785   17.591   99.000 30.6980 2.4000 36.9700 3.8200     0 0.88 
OBS: 57291.083 i E2   28.442   12.941   99.000 30.9800 1.9700 40.9300 3.9800     0 0.84 
OBS: 57291.086 z E2   25.936   10.790   99.000 30.6551 1.8723 28.0933 4.0000     0 0.90 
OBS: 57297.030 g E1  110.388    7.431   99.000 30.6840 3.8100 7.4500 4.0000     0 0.80 
OBS: 57297.036 z E1   -5.675   23.831   99.000 30.6388 3.6075 26.4291 4.2065     0 0.49 
OBS: 57297.043 g E2   92.518    7.360   99.000 30.6170 4.1100 7.2900 4.0400     0 1.00 
OBS: 57297.045 r E2  103.947   11.018   99.000 30.6890 3.7100 13.1800 3.7100     0 0.89 
OBS: 57297.048 i E2  113.414   15.758   99.000 30.9430 3.5800 26.3000 3.8700     0 0.78 
OBS: 57297.050 z E2  100.510   18.319   99.000 30.4860 3.2367 25.8375 4.0304     0 0.90 
OBS: 57301.033 g E1  532.843   14.144   99.000 29.8710 3.1700 7.6700 4.0800     0 0.98 
OBS: 57301.035 r E1  467.841   19.397   99.000 29.8880 2.9200 13.2900 3.8900     0 0.96 
OBS: 57301.040 z E1  324.331   17.449   99.000 30.2950 2.5293 21.1260 4.2291     0 0.76 
OBS: 57301.046 g E2  538.712   10.120   99.000 29.9980 2.4600 7.4300 4.0700     0 1.04 
OBS: 57301.049 r E2  463.182   16.360   99.000 29.7290 2.2900 13.3800 3.7600     0 0.97 
OBS: 57301.051 i E2  407.233   26.882   99.000 29.7570 2.3200 23.0200 3.9600     0 0.87 
OBS: 57301.052 z E2  406.849   28.298   99.000 29.6790 2.1400 30.3700 4.0800 65536 0.87 
OBS: 57305.059 z E1  733.171   28.603   99.000 30.4210 3.2100 29.1900 4.2200 65536 0.70 
OBS: 57305.066 r E2 1223.051   14.518   99.000 30.3950 3.6100 11.6800 3.7300     0 0.93 
OBS: 57305.068 i E2 1085.161   19.090   99.000 30.5810 3.4600 21.6100 3.8800     0 1.02 
OBS: 57305.073 z E2  835.963   33.319   99.000 29.9020 2.8800 29.2500 4.0600 65536 0.86 
OBS: 57311.014 z E1 1191.346   15.987   99.000 30.6116 2.6174 22.3473 4.2039     0 0.97 
OBS: 57311.025 i E2 1517.750   13.037   99.000 30.9400 2.7900 22.4100 3.9000     0 1.11 
OBS: 57311.027 z E2 1226.917   13.886   99.000 30.6062 2.6197 21.8293 4.0246     0 0.89 
OBS: 57315.166 r E2 2316.640   17.119   99.000 30.4240 2.9300 15.8600 3.7400     0 0.96 
OBS: 57315.168 i E2 1427.166   18.867   99.000 30.6320 3.0400 25.4800 3.8600     0 0.92 
OBS: 57315.172 z E2 1210.523   20.555   99.000 30.5840 3.0400 28.7400 4.0200 65536 0.88 
OBS: 57316.008 r E1 2282.401   17.409   99.000 30.6510 2.9900 18.9400 3.8700     0 1.17 
OBS: 57316.010 i E1 1309.539   16.566   99.000 30.9360 2.8400 29.0100 3.9600     0 1.16 
OBS: 57316.011 z E1 1057.105   23.530   99.000 30.5960 2.8400 35.4700 4.2100 32768 0.91 
OBS: 57325.014 i E2  993.262   10.409   99.000 30.9790 2.2000 23.8700 3.8800     0 1.12 
OBS: 57325.016 z E2  788.262   12.766   99.000 30.6615 2.1848 23.8153 4.0100     0 0.86 
OBS: 57325.032 z E1  727.237   18.298   99.000 30.6680 2.2400 31.5600 4.1900 65536 0.77 
OBS: 57329.022 z E1  604.057   14.275   99.000 30.6381 2.4526 23.2601 4.1949     0 1.01 
OBS: 57329.035 z E2  691.885   13.120   99.000 30.6302 2.5346 22.6238 4.0060     0 0.94 
OBS: 57334.224 g E2  813.748    8.175   99.000 30.6360 2.8600 7.4600 4.0400     0 1.18 
OBS: 57334.231 z E2  654.495    8.906   99.000 30.6466 1.8795 20.9692 4.0348     0 0.91 
OBS: 57339.019 g E1  529.925    8.486   99.000 30.7160 3.2600 8.6700 4.0700     0 0.98 
OBS: 57339.026 z E1  636.587   14.193   99.000 30.6808 2.7982 21.1991 4.1945     0 1.03 
OBS: 57340.063 g E2  494.019    6.226   99.000 30.6830 2.4100 7.3100 3.9800     0 1.04 
OBS: 57340.068 i E2  787.726    8.262   99.000 30.9700 1.8900 21.2600 3.9100     0 1.01 
OBS: 57340.070 z E2  701.414    9.029   99.000 30.6881 1.8479 22.3434 4.0300     0 0.97 
OBS: 57342.024 r E2  917.929    8.473   99.000 30.6250 1.6400 12.8500 3.7400     0 1.09 
OBS: 57342.028 z E2  708.804   10.885   99.000 30.4239 1.5574 24.0644 4.0347     0 0.84 
OBS: 57347.076 g E2  313.698   10.190   99.000 30.7040 1.8500 20.9500 4.2500     0 0.87 
OBS: 57347.079 r E2  765.614   11.853   99.000 30.7080 2.3600 22.0900 3.8200     0 1.12 
OBS: 57347.081 i E2  799.739    9.883   99.000 30.9690 1.7900 29.7500 3.9300     0 1.13 
OBS: 57347.084 z E2  731.926   10.362   99.000 30.6525 1.7651 23.8988 4.0250     0 1.00 
OBS: 57355.142 g E1  201.329    9.993   99.000 30.7250 2.1300 19.3900 4.2900     0 1.10 
OBS: 57355.144 r E1  492.793   10.032   99.000 30.7000 1.9900 19.2600 3.8800     0 0.99 
OBS: 57355.147 z E1  487.514   14.242   99.000 30.6460 1.5900 33.2700 4.2200 32768 0.94 
OBS: 57356.127 z E2  514.621    7.086   99.000 30.6890 1.4202 20.2147 4.0300     0 1.09 
OBS: 57366.039 g E2  152.155    4.549   99.000 30.6840 2.1000 8.3600 4.0800     0 1.10 
OBS: 57366.046 z E2  308.680    8.552   99.000 30.6300 1.7451 20.9162 4.0400     0 0.92 
OBS: 57372.040 z E1  208.724   11.947   99.000 30.6260 1.7000 25.9800 4.2800 65536 0.70 
OBS: 57373.036 g E2  133.420   11.798   99.000 30.8010 3.4600 15.6700 4.2200     0 0.90 
OBS: 57373.038 r E2  340.384   10.001   99.000 30.7310 2.9000 16.4400 3.7500     0 0.91 
OBS: 57373.040 i E2  271.398   12.269   99.000 30.9870 2.8100 26.4800 3.8900     0 0.83 
OBS: 57373.043 z E2  233.042   13.118   99.000 30.6571 2.5300 23.2458 4.0144     0 0.83 
OBS: 57376.040 g E1   85.556   25.785   99.000 30.7980 4.2400 21.3900 4.3000     0 1.16 
OBS: 57376.042 r E1  264.346   19.448   99.000 30.7270 3.5400 21.6600 3.9400     0 0.83 
OBS: 57376.044 i E1  181.659   19.563   99.000 30.9570 3.7000 28.8500 3.9500     0 0.78 
OBS: 57376.047 z E1  140.362   18.940   99.000 30.6287 3.5637 22.6380 4.1810     0 0.74 
OBS: 57379.046 r E1  254.942   12.922   99.000 30.7270 2.2500 24.7500 3.9200     0 0.89 
OBS: 57379.048 i E1  188.946   11.187   99.000 30.9860 2.0000 32.2600 3.9700     0 0.90 
OBS: 57379.051 z E1  159.789   11.422   99.000 30.6465 1.9347 25.4591 4.2350     0 0.80 
OBS: 57385.092 g E2  120.374    5.629   99.000 30.6320 2.5500 9.3700 4.1200     0 0.99 
OBS: 57385.095 r E2  230.151    6.948   99.000 30.7140 2.1900 13.0200 3.7200     0 0.94 
OBS: 57385.097 i E2  174.709    7.548   99.000 30.9660 1.8500 23.7400 3.9000     0 0.95 
OBS: 57385.100 z E2  137.210    8.801   99.000 30.6425 1.7898 22.7726 4.0352     0 0.94 
OBS: 57386.051 z E1   89.274   17.791   99.000 30.6270 2.0200 33.6800 4.1900 65536 0.71 
OBS: 57389.057 g E2  100.539    5.277   99.000 30.6720 2.8000 7.5200 4.0500     0 0.95 
OBS: 57389.060 r E2  206.447    6.673   99.000 30.7150 2.4000 11.4300 3.6800     0 1.16 
OBS: 57389.062 i E2  159.085    8.577   99.000 30.9620 2.1600 23.2900 3.9100     0 0.91 
OBS: 57389.064 z E2  110.846   12.091   99.000 30.5913 2.3319 23.1817 4.0156     0 0.82 
OBS: 57394.057 g E1   99.478    5.721   99.000 30.7230 2.7000 7.6100 4.0400     0 0.80 
OBS: 57394.061 i E1  112.820    9.005   99.000 30.9500 2.4400 21.5700 3.9200     0 0.93 
OBS: 57394.064 z E1   44.286    9.336   99.000 30.5685 2.0826 19.8554 4.2357     0 0.97 
OBS: 57396.044 g E2  101.300    7.178   99.000 30.6530 2.5100 11.2900 4.1500     0 0.95 
OBS: 57396.047 r E2  171.988    6.725   99.000 30.7160 2.2600 13.3800 3.7200     0 0.94 
OBS: 57396.049 i E2  134.416    8.317   99.000 30.9620 2.1600 23.7000 3.9000     0 0.95 
OBS: 57396.051 z E2   99.457   11.711   99.000 30.5910 2.3093 22.4009 4.0348     0 0.87 
OBS: 57400.101 g E1   79.707    8.843   99.000 30.6370 3.5500 8.7600 4.1300     0 0.93 
OBS: 57400.103 r E1  159.110   11.178   99.000 30.6160 3.1200 12.6000 3.8300     0 0.80 
OBS: 57400.105 i E1  101.986   13.251   99.000 30.8230 2.8500 21.9800 3.9400     0 0.94 
OBS: 57400.108 z E1   39.394   13.790   99.000 30.5323 2.6081 21.2837 4.2240     0 0.84 
OBS: 57403.045 g E2   95.805    7.081   99.000 30.6460 1.9300 16.0900 4.2000     0 0.90 
OBS: 57403.047 r E2  164.203    6.383   99.000 30.7200 1.7200 17.7700 3.8000     0 0.93 
OBS: 57403.049 i E2  108.134    7.289   99.000 30.9630 1.6400 27.8500 3.9600     0 0.98 
OBS: 57403.052 z E2   60.423    8.914   99.000 30.6305 1.5974 26.1600 4.0346     0 0.86 
OBS: 57407.044 r E1  137.827   11.532   99.000 30.6950 2.0600 25.0000 3.9200     0 1.07 
OBS: 57407.050 z E1   30.698   15.590   99.000 30.5490 1.8600 30.4600 4.2400 65536 0.62 
