SURVEY:              DES 
SNID: 1316431 
IAUC: UNKNOWN
FILTERS:             griz 
FAKE:                0 
RA:    42.239399
DECL:    -0.408398
TYPE:                 1    #  OVERRIDE 
PEAKMJD:              57014.929688    #  OVERRIDE 
PSF_UNIT:            SIGMA-PIXELS 
REDSHIFT_HELIO: 0.199 +- 0.005 
REDSHIFT_CMB: 0.1981475 +- 0.005 
VPEC: -32.593446 +- 250.0
PIXSIZE:             0.270 # arcsec 
MWEBV:       0.05010 
MWEBV_ERR:   0.00220 

HOSTGAL_OBJID:       -888 
HOSTGAL_PHOTOZ:      -9.0000 +- -9.0000 
HOSTGAL_SPECZ:       -9.0000 +- -9.0000 
HOSTGAL_SNSEP:       -9.00 
HOSTGAL_LOGMASS:      2.0 +- 2.0    #  OVERRIDE 
HOSTGAL_MAG:         888.00 888.00 888.00 888.00 
HOSTGAL_SB_FLUXCAL:  0.26 0.92 0.76 0.11 


# Appended from HEADER-override file. 
PRIVATE(DES_mjd_latest_ml):      57052.100000 
PRIVATE(DES_mjd_trigger):        57005.200000 

# ---------------------- 
NOBS: 106
NVAR: 12
VARLIST:  MJD BAND FIELD FLUXCAL FLUXCALERR SIM_MAGOBS ZPFLUX PSF SKYSIG GAIN PHOTFLAG PHOTPROB
OBS: 56960.257 g S1    4.310    5.955   99.000 30.6940 3.8100 8.5200 3.8800     0 0.91 
OBS: 56960.259 r S1  -12.280   10.082   99.000 30.7680 3.8500 12.6000 3.8000     0 0.99 
OBS: 56960.261 i S1    0.479   15.717   99.000 30.8490 4.0900 22.4000 3.9500     0 0.92 
OBS: 56960.265 z S1  -20.939   15.610   99.000 30.5048 2.9519 21.3741 3.9829     0 0.87 
OBS: 56963.228 g S1  -19.214   12.276   99.000 30.6140 2.6300 19.5200 4.0300     0 0.99 
OBS: 56963.230 r S1    6.895   12.909   99.000 30.5920 2.6000 24.0000 3.8900     0 1.00 
OBS: 56963.232 i S1  -11.859   14.363   99.000 30.7920 2.3900 34.7600 4.0100     0 0.91 
OBS: 56963.234 z S1    0.079   18.362   99.000 30.3362 2.2827 29.1983 3.9867     0 1.03 
OBS: 56973.129 g S1    3.788    3.283   99.000 30.7260 2.1400 8.1200 3.8300     0 0.92 
OBS: 56973.131 r S1   -1.180    4.971   99.000 30.7700 2.0300 11.3700 3.8100     0 0.92 
OBS: 56973.133 i S1    0.970    5.905   99.000 31.0030 1.8500 19.6100 3.9300     0 0.84 
OBS: 56973.136 z S1    6.704    6.330   99.000 30.6815 1.7200 19.3457 4.0050     0 0.98 
OBS: 56980.192 g S1    1.321    2.647   99.000 30.7170 1.6200 8.0600 3.8500     0 0.86 
OBS: 56980.195 r S1    5.576    4.656   99.000 30.7580 1.5400 12.7200 3.8200     0 0.98 
OBS: 56980.197 i S1   -5.888    6.432   99.000 30.9890 1.4900 26.0000 3.9400     0 0.88 
OBS: 56980.200 z S1  -10.686    7.295   99.000 30.6294 1.4197 25.4028 3.9490     0 0.89 
OBS: 56987.193 g S1    2.668    3.589   99.000 30.7430 2.0700 8.5000 3.8500     0 0.94 
OBS: 56987.196 r S1   -1.546    5.004   99.000 30.7820 1.8100 12.4900 3.8200     0 0.88 
OBS: 56987.198 i S1   -0.794    6.463   99.000 31.0210 1.7300 23.6000 3.9300     0 0.85 
OBS: 56990.194 g S1   -4.931    5.435   99.000 30.4480 2.4200 9.8800 3.9200     0 0.97 
OBS: 56990.196 r S1    2.957    6.118   99.000 30.7490 2.2200 12.9500 3.8600     0 0.83 
OBS: 56990.199 i S1    2.474    8.180   99.000 30.9890 2.1500 24.1200 3.9400     0 0.89 
OBS: 56990.201 z S1  -21.427   10.241   99.000 30.6444 2.2352 24.6399 3.9503     0 0.94 
OBS: 57001.160 g S1   66.289    9.452   99.000 30.7040 2.4000 20.6300 4.0600     0 1.06 
OBS: 57001.162 r S1   79.092    8.096   99.000 30.7640 2.2400 19.4500 3.8900     0 1.02 
OBS: 57001.165 i S1   77.959    8.309   99.000 31.0010 2.1200 26.2700 3.9600     0 0.95 
OBS: 57001.167 z S1   64.939    9.217   99.000 30.6695 2.0001 23.5888 3.9600     0 0.90 
OBS: 57005.200 g S1  268.888    7.435   99.000 30.6680 2.6800 11.8000 3.9800     0 1.01 
OBS: 57005.203 r S1  262.626    8.385   99.000 30.7540 2.7000 15.0500 3.8600     0 0.88 
OBS: 57005.205 i S1  240.160   12.923   99.000 31.0240 3.1500 25.9400 3.9300     0 0.84 
OBS: 57005.208 z S1  186.597   12.164   99.000 30.6963 2.2732 27.6454 3.9678     0 0.95 
OBS: 57012.067 g S1  603.713    6.916   99.000 30.7640 2.9100 7.9100 3.8600     0 1.16 
OBS: 57012.070 r S1  565.879    7.754   99.000 30.7920 2.6000 10.7500 3.7800     0 0.92 
OBS: 57012.072 i S1  458.086    8.376   99.000 31.0140 2.5400 18.5100 3.9100     0 1.03 
OBS: 57012.075 z S1  332.603    8.843   99.000 30.6925 2.3315 18.1652 3.9300     0 0.90 
OBS: 57018.056 g S1  655.997   10.450   99.000 30.7590 3.9100 11.3600 3.9700     0 0.93 
OBS: 57018.059 r S1  676.754   13.496   99.000 30.7790 4.2000 13.4100 3.8300     0 0.92 
OBS: 57018.061 i S1  519.690   15.751   99.000 31.0250 4.1700 23.4300 3.9300     0 0.87 
OBS: 57018.063 z S1  278.853   20.251   99.000 30.6974 4.1147 23.4664 3.9394     0 0.87 
OBS: 57019.056 g S1  653.026   11.381   99.000 30.7840 3.7400 14.0100 4.0100     0 1.08 
OBS: 57019.058 r S1  689.724   10.812   99.000 30.7670 3.3600 15.0500 3.8500     0 0.99 
OBS: 57019.060 i S1  495.993   11.621   99.000 31.0270 3.1900 21.7800 3.9400     0 0.85 
OBS: 57019.063 z S1  318.983   11.422   99.000 30.6912 2.9393 19.0472 4.0100     0 0.87 
OBS: 57026.152 g S1  448.885   29.111   99.000 30.6630 2.3500 43.2600 4.0600     0 0.97 
OBS: 57026.154 r S1  553.957   17.982   99.000 30.6970 1.9800 38.6500 3.9500     0 1.12 
OBS: 57026.156 i S1  475.043   12.870   99.000 30.9380 1.9100 42.4000 4.0400     0 0.93 
OBS: 57026.159 z S1  243.398   11.472   99.000 30.5867 1.8197 30.2182 3.9648     0 0.94 
OBS: 57033.100 g S1  333.351    5.446   99.000 30.7330 2.3800 7.8800 3.8600     0 0.99 
OBS: 57033.103 r S1  453.618    6.925   99.000 30.7670 2.0000 12.2000 3.7900     0 0.87 
OBS: 57033.105 i S1  336.193    8.547   99.000 30.9950 1.8700 26.6500 3.9400     0 0.84 
OBS: 57033.108 z S1  150.022    9.334   99.000 30.6944 1.7545 28.6059 3.9645     0 0.99 
OBS: 57040.113 g S1  189.509    4.510   99.000 30.6510 2.0900 7.7700 3.8100     0 0.99 
OBS: 57040.116 r S1  341.724    6.572   99.000 30.7270 1.9400 11.3500 3.7900     0 0.98 
OBS: 57040.118 i S1  267.247    6.978   99.000 30.9700 1.8300 21.8200 3.9500     0 0.88 
OBS: 57040.120 z S1  127.341    7.718   99.000 30.6490 1.7150 22.6965 3.9750     0 0.90 
OBS: 57045.106 g S1  126.487    5.855   99.000 30.6770 3.2200 8.4900 3.8500     0 0.97 
OBS: 57045.109 r S1  276.762    8.703   99.000 30.7400 2.9400 12.8600 3.8500     0 1.03 
OBS: 57045.111 i S1  241.100   10.769   99.000 30.9950 2.6800 25.4300 3.9500     0 0.83 
OBS: 57045.114 z S1  131.620   12.403   99.000 30.6757 2.5282 26.1011 3.9800     0 0.96 
OBS: 57052.096 g S1   94.684   19.142   99.000 30.5800 2.1500 30.7400 4.0700     0 1.07 
OBS: 57052.098 r S1  240.557   13.047   99.000 30.6490 2.0900 30.2200 3.9300     0 1.05 
OBS: 57052.100 i S1  228.609   11.861   99.000 30.9110 2.0400 36.1200 4.0000     0 0.92 
OBS: 57249.388 g S1   -1.298    4.953   99.000 30.4980 2.6000 8.2600 3.8800     0 0.93 
OBS: 57249.391 r S1   -2.825    6.768   99.000 30.6180 2.3300 12.1900 3.8300     0 1.10 
OBS: 57249.393 i S1   -0.308    7.099   99.000 30.9730 2.1800 21.5800 3.9600     0 0.86 
OBS: 57249.395 z S1   -7.996    9.663   99.000 30.6680 2.1882 21.9167 3.9712     0 0.95 
OBS: 57253.401 g S1    2.811    3.917   99.000 30.6730 2.4400 8.0400 3.8300     0 1.09 
OBS: 57253.403 r S1    4.711    6.680   99.000 30.7300 2.4200 12.0400 3.8300     0 0.83 
OBS: 57253.405 i S1    1.466    6.993   99.000 30.9770 2.0200 22.4100 3.9600     0 0.90 
OBS: 57253.408 z S1    0.449    8.324   99.000 30.6755 1.9292 22.7193 3.9717     0 0.97 
OBS: 57258.358 g S1    0.364    3.324   99.000 30.6630 2.1000 7.5900 3.8500     0 0.97 
OBS: 57258.360 r S1    9.529    5.175   99.000 30.7280 1.9900 11.5000 3.8100     0 0.85 
OBS: 57258.362 i S1    4.149    5.962   99.000 30.9690 1.8400 21.1900 4.0000     0 0.83 
OBS: 57258.365 z S1   -2.139    7.423   99.000 30.6136 1.7463 20.6238 4.0065     0 0.90 
OBS: 57276.382 g S1   -1.953    4.668   99.000 30.6880 3.0800 7.6200 3.8300     0 1.02 
OBS: 57276.384 r S1   -6.369    8.494   99.000 30.7250 3.4800 11.2400 3.7800     0 0.79 
OBS: 57276.386 i S1   13.426    9.867   99.000 30.9800 3.3100 19.2900 3.9000     0 0.73 
OBS: 57276.389 z S1  -28.746   12.573   99.000 30.6237 3.1523 18.6888 3.9500     0 0.92 
OBS: 57283.260 g S1    0.285    4.261   99.000 30.6740 2.6000 7.8600 3.8700     0 1.02 
OBS: 57283.262 r S1    6.373    5.464   99.000 30.7280 2.3000 11.1800 3.7900     0 0.82 
OBS: 57283.265 i S1    4.611    6.646   99.000 30.9880 2.2100 17.9500 3.9300     0 0.83 
OBS: 57283.267 z S1  -16.220    7.093   99.000 30.7195 2.1769 17.9424 3.9548     0 0.88 
OBS: 57287.337 g S1   -3.501    5.465   99.000 30.6890 3.3900 7.7400 3.8300     0 0.94 
OBS: 57287.339 r S1   -7.690    7.346   99.000 30.7510 3.1200 11.3100 3.7700     0 0.97 
OBS: 57287.342 i S1   -3.984   10.488   99.000 30.9770 3.2200 19.3200 3.9000     0 0.78 
OBS: 57287.344 z S1   -2.059   13.095   99.000 30.6707 3.2396 19.5118 4.0300     0 0.94 
OBS: 57299.204 g S1  -32.213    9.297   99.000 30.0400 2.7800 10.2500 3.9700     0 1.10 
OBS: 57299.207 r S1   -7.786   15.013   99.000 30.0140 2.4200 15.7000 3.8900     0 0.83 
OBS: 57299.209 i S1   -0.019   18.181   99.000 30.1790 2.1300 26.8500 4.0400     0 1.01 
OBS: 57299.212 z S1    3.785   24.938   99.000 29.8327 2.5580 24.5848 4.0040     0 0.99 
OBS: 57303.180 g S1    1.960    5.868   99.000 30.6620 3.7900 7.3900 3.8900     0 0.91 
OBS: 57303.182 r S1    4.515    8.079   99.000 30.7140 3.4500 11.4000 3.8100     0 0.80 
OBS: 57303.184 i S1  -23.274   11.104   99.000 30.9830 3.4900 19.8000 3.9200     0 0.88 
OBS: 57303.187 z S1   -2.802   16.482   99.000 30.6956 4.0207 19.1319 4.0047     0 0.94 
OBS: 57304.254 g S1  -12.339    9.401   99.000 30.1170 3.7700 7.9100 3.8600     0 1.05 
OBS: 57304.257 r S1   -3.283   16.427   99.000 30.0610 3.4100 12.3300 3.8600     0 0.96 
OBS: 57304.259 i S1   34.124   14.852   99.000 30.5120 3.2100 19.4000 3.9200     0 0.83 
OBS: 57304.260 z S1   14.268   27.453   99.000 30.1020 3.4100 27.0500 4.0400 98304 0.85 
OBS: 57305.265 g S1  -11.930    8.110   99.000 30.2850 3.4000 7.8900 3.8500     0 0.96 
OBS: 57305.267 r S1   -2.523    7.952   99.000 30.7280 3.2700 11.3100 3.8200     0 0.91 
OBS: 57305.269 i S1    9.821    7.897   99.000 30.9700 2.9400 17.4000 3.9200     0 0.85 
OBS: 57305.272 z S1   -1.440    8.369   99.000 30.6357 2.4667 16.1699 3.9886     0 1.01 
OBS: 57312.138 g S1   -2.262    5.337   99.000 30.6260 3.1300 8.2000 3.8800     0 1.00 
OBS: 57312.140 r S1   -8.935    8.215   99.000 30.7070 2.8900 13.8200 3.8600     0 0.99 
OBS: 57312.142 i S1   10.133   13.153   99.000 30.9670 3.1600 26.8000 3.9500     0 0.90 
OBS: 57312.145 z S1  -12.547   14.470   99.000 30.6552 2.8288 26.1930 3.9646     0 0.96 
