SURVEY:              DES 
SNID: 1292332 
IAUC: UNKNOWN
FILTERS:             griz 
FAKE:                0 
RA:    41.143486
DECL:    -1.285123
TYPE:                 101    #  OVERRIDE 
PEAKMJD:              56900.898438    #  OVERRIDE 
PSF_UNIT:            SIGMA-PIXELS 
REDSHIFT_HELIO: 0.27358 +- 0.0005 
REDSHIFT_CMB: 0.2726535 +- 0.0005 
VPEC: -24.427688 +- 250.0
PIXSIZE:             0.270 # arcsec 
MWEBV:       0.02960 
MWEBV_ERR:   0.00080 

HOSTGAL_OBJID:       32815 
HOSTGAL_PHOTOZ:      0.3945 +- 0.0798 
HOSTGAL_SPECZ:       0.2744 +- -9.0000 
HOSTGAL_SNSEP:       0.31 
HOSTGAL_LOGMASS:      10.269 +- 0.1885    #  OVERRIDE 
HOSTGAL_MAG:         22.30 21.00 20.54 20.23 
HOSTGAL_SB_FLUXCAL:  24.99 82.66 139.37 188.79 


# Appended from HEADER-override file. 
PRIVATE(DES_mjd_latest_ml):      56980.181000 
PRIVATE(DES_mjd_trigger):        56894.283000 

# ---------------------- 
NOBS: 100
NVAR: 12
VARLIST:  MJD BAND FIELD FLUXCAL FLUXCALERR SIM_MAGOBS ZPFLUX PSF SKYSIG GAIN PHOTFLAG PHOTPROB
OBS: 56694.032 g S2  -22.562   10.250   99.000 30.6600 2.0200 22.7700 4.1800     0 1.09 
OBS: 56890.328 g S2  216.396    5.245   99.000 30.7290 2.2000 7.9100 4.0000     0 0.81 
OBS: 56890.331 r S2  218.371    6.866   99.000 30.7730 1.9700 13.3000 4.0300     0 1.01 
OBS: 56890.333 i S2  198.684    9.352   99.000 31.0160 2.1500 24.3000 4.0900     0 1.14 
OBS: 56890.335 z S2  159.899   10.846   99.000 30.6960 2.1700 24.7876 3.9950     0 1.01 
OBS: 56894.288 i S2  265.644   16.479   99.000 31.0100 4.5400 23.3300 4.0200     0 1.09 
OBS: 56903.383 g S2  328.466    6.879   99.000 30.4420 2.7000 7.7000 4.0600     0 1.05 
OBS: 56903.386 r S2  378.191   10.650   99.000 30.3860 2.3600 12.7900 4.0800     0 1.08 
OBS: 56903.388 i S2  349.107   14.406   99.000 30.3880 2.1100 25.5200 4.0900     0 0.95 
OBS: 56903.391 z S2  186.717   13.019   99.000 30.4576 2.1497 24.4424 4.0046     0 0.99 
OBS: 56915.265 g S2  160.621   16.622   99.000 30.6820 2.4700 17.8900 4.1400     0 1.02 
OBS: 56915.267 r S2  290.504   21.650   99.000 30.7540 2.4200 21.6200 4.0600     0 0.98 
OBS: 56915.269 i S2  228.441   14.826   99.000 31.0270 2.4400 30.0000 4.0800     0 1.03 
OBS: 56915.272 z S2  121.219   13.135   99.000 30.6905 2.2743 23.9999 3.9690     0 0.99 
OBS: 56923.315 g S2   73.736    5.247   99.000 30.6920 3.6000 7.3600 3.9500     0 1.06 
OBS: 56923.318 r S2  172.120    9.009   99.000 30.7720 3.3900 11.4500 4.0000     0 1.14 
OBS: 56923.320 i S2  188.120   10.771   99.000 31.0160 3.1500 18.8100 4.0300     0 0.91 
OBS: 56923.323 z S2   77.567   12.006   99.000 30.6760 3.1933 18.2990 3.9500     0 1.01 
OBS: 56927.280 g S2   53.278    4.690   99.000 30.7530 2.9400 8.2400 4.0000     0 1.04 
OBS: 56927.283 r S2  143.988    7.861   99.000 30.7860 2.7000 12.1700 4.0100     0 1.05 
OBS: 56927.285 i S2  163.773    8.739   99.000 31.0210 2.2800 20.5400 4.1200     0 0.95 
OBS: 56927.287 z S2  105.076    8.574   99.000 30.6845 1.9709 20.7885 4.0200     0 1.02 
OBS: 56932.217 g S2   38.762    6.130   99.000 30.7190 2.6200 11.2700 4.1100     0 1.04 
OBS: 56932.220 r S2  132.553    7.298   99.000 30.7900 2.3800 13.2300 4.0000     0 1.03 
OBS: 56932.222 i S2  144.374    8.134   99.000 31.0130 2.1900 18.9100 4.0400     0 1.04 
OBS: 56932.224 z S2  105.014    7.646   99.000 30.6940 2.0642 16.9516 3.9600     0 0.96 
OBS: 56943.202 g S2   23.020   10.858   99.000 30.7000 2.3600 18.8100 4.1900     0 1.08 
OBS: 56943.204 r S2   54.023   10.641   99.000 30.7770 2.1300 19.0000 4.0600     0 0.88 
OBS: 56943.206 i S2  113.560    9.464   99.000 31.0170 1.8400 24.7200 4.0500     0 1.12 
OBS: 56943.209 z S2  107.321    7.618   99.000 30.6995 1.7405 19.3600 4.0247     0 0.98 
OBS: 56952.118 g S2   17.022    3.787   99.000 30.6720 2.1700 8.2700 4.0300     0 1.08 
OBS: 56952.120 r S2   49.801    6.217   99.000 30.7320 1.9600 12.7900 4.0500     0 1.07 
OBS: 56952.122 i S2   64.483    8.287   99.000 30.9830 1.8200 24.6900 4.0800     0 1.08 
OBS: 56952.125 z S2   75.810    9.554   99.000 30.6468 1.8996 24.8540 3.9852     0 1.00 
OBS: 56957.104 g S2   15.409    8.536   99.000 30.4370 4.4000 8.5700 4.0100     0 0.98 
OBS: 56957.106 r S2   38.125   11.384   99.000 30.7310 3.9000 13.1000 4.0100     0 1.01 
OBS: 56957.108 i S2   45.221   12.468   99.000 31.0040 3.2000 22.6200 4.1400     0 0.98 
OBS: 56957.111 z S2   34.289   14.150   99.000 30.6710 3.0112 22.6757 3.9800     0 0.98 
OBS: 56959.100 g S2   15.228    5.036   99.000 30.6880 2.1800 10.7300 4.1000     0 1.09 
OBS: 56959.102 r S2   42.437    6.296   99.000 30.7390 1.9400 14.3400 4.0300     0 1.06 
OBS: 56959.105 i S2   64.123    8.321   99.000 30.9870 1.9400 24.4600 4.0800     0 0.97 
OBS: 56959.107 z S2   58.779    8.480   99.000 30.6614 1.6691 23.7131 3.9752     0 1.10 
OBS: 56964.215 g S2   -8.307   11.506   99.000 30.6670 2.0400 25.5700 4.2300     0 1.10 
OBS: 56964.218 r S2   54.688    9.004   99.000 30.7820 1.7900 24.9000 4.0700     0 0.98 
OBS: 56964.220 i S2   52.790    9.449   99.000 31.0020 1.9600 31.8000 4.1200     0 1.12 
OBS: 56964.222 z S2   19.634   10.182   99.000 30.6630 1.8951 26.7672 4.0100     0 1.04 
OBS: 56973.183 g S2    3.169    5.791   99.000 30.7120 1.8100 14.5400 4.1300     0 0.98 
OBS: 56973.185 r S2   45.908    6.029   99.000 30.7580 1.6700 15.6200 4.0400     0 1.15 
OBS: 56973.188 i S2   56.866    6.632   99.000 30.9960 1.5100 21.8100 4.1000     0 0.97 
OBS: 56973.190 z S2   41.872    6.733   99.000 30.6750 1.4749 20.2769 4.0149     0 1.09 
OBS: 56980.179 g S2    9.386    3.243   99.000 30.7140 1.5800 7.8700 4.0000     0 1.08 
OBS: 56980.181 r S2   37.605    4.999   99.000 30.7560 1.5500 12.3100 4.0200     0 1.07 
OBS: 56980.183 i S2   40.310    6.896   99.000 30.9870 1.4100 24.8400 4.0700     0 1.09 
OBS: 56980.186 z S2   36.200    7.478   99.000 30.6236 1.3903 24.6599 3.9852     0 0.96 
OBS: 56987.180 g S2   14.198    3.637   99.000 30.7460 1.9000 8.1500 4.0600     0 0.98 
OBS: 56987.182 r S2   31.066    5.238   99.000 30.7840 1.7300 12.1200 3.9900     0 1.02 
OBS: 56987.187 z S2   24.543    7.822   99.000 30.7105 1.6550 24.1335 3.9700     0 1.03 
OBS: 56990.181 g S2    5.062    5.918   99.000 30.4650 2.0200 11.9300 4.1300     0 1.06 
OBS: 56990.183 r S2   31.941    8.519   99.000 30.4900 2.0900 15.1400 4.0600     0 1.12 
OBS: 56990.185 i S2   38.646   17.947   99.000 30.0980 1.9500 26.4000 4.1800     0 0.98 
OBS: 56990.188 z S2    7.089   16.323   99.000 30.2311 2.0593 24.8717 4.0000     0 1.03 
OBS: 57001.147 g S2    9.323   13.815   99.000 30.6490 3.5500 19.1800 4.2200     0 1.07 
OBS: 57001.149 r S2   29.554   12.461   99.000 30.7530 3.4800 18.3900 4.0500     0 0.91 
OBS: 57001.151 i S2   -0.103   14.352   99.000 31.0050 3.7400 25.8200 4.0600     0 1.05 
OBS: 57001.154 z S2   -3.715   11.631   99.000 30.6816 2.7450 22.9844 4.0000     0 0.98 
OBS: 57003.043 g S2    5.374    3.747   99.000 30.7300 1.8200 8.7900 4.0500     0 0.98 
OBS: 57003.045 r S2   21.520    5.447   99.000 30.7680 1.8300 11.7100 4.0200     0 1.09 
OBS: 57003.047 i S2   12.563    6.750   99.000 31.0100 1.5900 22.4800 4.0900     0 1.14 
OBS: 57003.049 z S2   13.241    8.146   99.000 30.6760 1.7140 22.9307 4.0049     0 0.94 
OBS: 57011.071 g S2    4.194    3.137   99.000 30.7500 1.5700 7.7200 3.9800     0 1.01 
OBS: 57011.073 r S2   20.424    4.299   99.000 30.7780 1.4600 10.9500 3.9900     0 1.17 
OBS: 57011.075 i S2   18.010    6.286   99.000 31.0180 1.4600 21.3500 4.0900     0 1.09 
OBS: 57011.077 z S2   10.905    6.769   99.000 30.7005 1.5001 22.3084 4.0100     0 1.03 
OBS: 57018.043 g S2  -12.873    8.141   99.000 30.6540 3.4300 13.3000 4.1400     0 1.09 
OBS: 57018.045 r S2   13.651   11.467   99.000 30.7240 3.8100 13.9400 4.0200     0 1.14 
OBS: 57018.047 i S2    9.486   10.661   99.000 30.9920 2.7700 23.6500 4.0500     0 1.15 
OBS: 57018.050 z S2    7.450   12.673   99.000 30.6488 2.9300 22.3329 3.9948     0 1.05 
OBS: 57019.042 g S2  -12.033   16.175   99.000 30.6750 4.5100 16.0500 4.1500     0 0.88 
OBS: 57019.045 r S2   19.055   11.443   99.000 30.7530 3.5800 15.9200 4.0200     0 0.93 
OBS: 57019.047 i S2    4.623   10.275   99.000 31.0000 3.0300 21.9700 4.0900     0 0.91 
OBS: 57019.048 z S2  -10.200   16.856   99.000 30.6660 3.0900 26.5800 4.0300 65536 1.06 
OBS: 57021.043 g S2   49.421   17.900   99.000 30.7120 2.1300 25.3200 4.2300     0 0.94 
OBS: 57021.045 r S2    9.429   23.721   99.000 30.7520 1.9400 26.0600 4.0500     0 1.01 
OBS: 57021.047 i S2   39.466   15.902   99.000 31.0020 1.9500 32.0100 4.1300     0 1.09 
OBS: 57021.050 z S2   20.614   10.280   99.000 30.6524 1.8160 25.1076 4.0100     0 1.01 
OBS: 57029.066 g S2    9.571   10.032   99.000 30.6570 2.1000 21.6400 4.2200     0 0.93 
OBS: 57029.068 r S2   34.423   10.306   99.000 30.7470 2.3300 20.5600 4.1400     0 0.97 
OBS: 57029.070 i S2   12.658   10.851   99.000 30.9890 2.3400 29.2900 4.1200     0 1.05 
OBS: 57029.072 z S2   11.417   11.318   99.000 30.6207 2.0990 26.4651 4.0155     0 1.02 
OBS: 57036.051 g S2    3.140    4.068   99.000 30.7020 2.3800 8.1900 4.0100     0 1.04 
OBS: 57036.053 r S2   13.464    5.657   99.000 30.7580 1.9600 11.5200 3.9600     0 1.12 
OBS: 57036.055 i S2    5.147    7.551   99.000 30.9930 1.9400 21.0700 4.0900     0 1.07 
OBS: 57036.058 z S2    4.054    9.011   99.000 30.6794 1.9268 22.2849 4.0006     0 0.99 
OBS: 57042.074 g S2   -2.878    4.627   99.000 30.6640 3.4400 7.7400 3.9900     0 1.16 
OBS: 57042.076 r S2    0.978    7.779   99.000 30.7470 3.0600 11.0300 3.9800     0 0.94 
OBS: 57042.078 i S2   -2.382    8.842   99.000 30.9930 2.6100 19.3400 4.0500     0 0.96 
OBS: 57042.081 z S2    1.028    9.893   99.000 30.6749 2.4281 19.9614 4.0048     0 0.95 
OBS: 57049.068 r S2    6.469   25.292   99.000 30.6600 2.4100 30.1800 4.1300     0 1.11 
OBS: 57049.070 i S2   32.568   15.030   99.000 30.9140 2.3900 39.7400 4.1700     0 0.99 
OBS: 57049.073 z S2   -1.661   15.009   99.000 30.4986 2.0311 30.5042 4.0057     0 1.00 
