SURVEY:              DES 
SNID: 1277168 
IAUC: UNKNOWN
FILTERS:             griz 
FAKE:                0 
RA:    34.195187
DECL:    -4.015111
TYPE:                 1    #  OVERRIDE 
PEAKMJD:              57223.003906    #  OVERRIDE 
PSF_UNIT:            SIGMA-PIXELS 
REDSHIFT_HELIO: 0.13 +- 0.005 
REDSHIFT_CMB: 0.1290601 +- 0.005 
VPEC: -43.331001 +- 250.0
PIXSIZE:             0.270 # arcsec 
MWEBV:       0.02180 
MWEBV_ERR:   0.00050 

HOSTGAL_OBJID:       14425 
HOSTGAL_PHOTOZ:      0.1705 +- 0.0873 
HOSTGAL_SPECZ:       -9.9900 +- -9.0000 
HOSTGAL_SNSEP:       0.99 
HOSTGAL_LOGMASS:      7.862 +- 0.023    #  OVERRIDE 
HOSTGAL_MAG:         23.65 23.25 23.14 22.97 
HOSTGAL_SB_FLUXCAL:  5.15 8.26 9.83 9.59 


# Appended from HEADER-override file. 
PRIVATE(DES_mjd_latest_ml):      57402.051000 
PRIVATE(DES_mjd_trigger):        57252.267000 

# ---------------------- 
NOBS: 96
NVAR: 12
VARLIST:  MJD BAND FIELD FLUXCAL FLUXCALERR SIM_MAGOBS ZPFLUX PSF SKYSIG GAIN PHOTFLAG PHOTPROB
OBS: 57051.051 g X1   13.572   10.050   99.000 30.6350 1.9900 26.9300 3.8100     0 0.97 
OBS: 57051.059 z X1  -14.513   15.340   99.000 30.5500 1.5100 40.0700 4.0300 65536 1.04 
OBS: 57248.421 r X1 1957.105   13.972   99.000 30.7340 3.9900 11.6700 3.5600     0 1.17 
OBS: 57248.423 i X1 1231.439   14.145   99.000 30.9660 3.7000 22.0400 3.7200     0 0.89 
OBS: 57248.426 z X1  897.440   16.268   99.000 30.6448 3.8369 20.9755 4.0139     0 1.13 
OBS: 57252.269 r X1 1727.667   11.146   99.000 30.7030 2.6100 12.7300 3.6000     0 1.01 
OBS: 57252.272 i X1 1021.741   10.636   99.000 30.9830 2.5400 23.7200 3.7300     0 1.03 
OBS: 57252.274 z X1  712.326   10.940   99.000 30.6645 2.3400 23.1613 4.0349     0 1.01 
OBS: 57256.269 i X1  778.736   16.842   99.000 30.9920 4.3000 22.8100 3.7100     0 0.92 
OBS: 57256.271 z X1  574.167   15.650   99.000 30.6555 3.7533 20.1321 4.0251     0 1.02 
OBS: 57257.256 r X1 1352.827   10.988   99.000 30.6950 3.3200 11.1400 3.5500     0 1.18 
OBS: 57257.258 i X1  768.656   12.061   99.000 30.8490 3.1100 19.7800 3.6700     0 1.00 
OBS: 57257.261 z X1  536.660   12.787   99.000 30.3935 2.7678 17.8177 4.0569     0 1.00 
OBS: 57276.368 g X1  278.054    6.352   99.000 30.6690 3.5700 7.6700 3.5900     0 1.08 
OBS: 57276.370 r X1  720.460   10.550   99.000 30.7360 3.9100 11.3500 3.5400     0 1.19 
OBS: 57276.373 i X1  726.916    9.832   99.000 30.9790 2.9300 19.0300 3.6700     0 1.00 
OBS: 57276.375 z X1  629.080   10.771   99.000 30.6099 2.9802 17.1028 4.0100     0 1.05 
OBS: 57278.203 g X1  253.887    5.712   99.000 30.6290 2.7500 7.7900 3.6100     0 1.20 
OBS: 57278.205 r X1  648.792    7.658   99.000 30.7160 2.4900 11.5000 3.5700     0 1.04 
OBS: 57278.208 i X1  706.132    8.297   99.000 30.9750 2.4600 18.4500 3.6800     0 0.94 
OBS: 57278.210 z X1  618.342    8.593   99.000 30.6610 2.3653 16.9169 3.9947     0 0.97 
OBS: 57286.210 g X1  187.516    7.798   99.000 30.5250 3.3900 8.8300 3.6300     0 0.97 
OBS: 57286.213 r X1  480.862    9.787   99.000 30.6730 3.3400 11.8000 3.5800     0 1.04 
OBS: 57286.215 i X1  495.230   14.730   99.000 30.8200 3.8100 20.3000 3.6500     0 1.12 
OBS: 57286.218 z X1  473.165   22.995   99.000 30.4714 4.2693 18.6817 4.0693     0 1.02 
OBS: 57288.176 z X1  435.650   20.773   99.000 30.3237 3.4914 21.6294 4.0192     0 0.95 
OBS: 57297.159 g X1  134.734   27.367   99.000 30.4290 3.3800 28.8900 3.8500     0 1.00 
OBS: 57297.163 i X1  307.220   31.368   99.000 30.9060 3.2400 42.9200 3.8000     0 0.91 
OBS: 57297.166 z X1  318.862   23.835   99.000 30.5753 3.1917 30.0401 3.9656     0 1.05 
OBS: 57301.278 g X1  119.753    9.391   99.000 30.0200 2.8600 9.4200 3.7000 65536 1.04 
OBS: 57301.281 r X1  294.898   16.366   99.000 29.9410 2.7200 13.9800 3.6300 65536 0.93 
OBS: 57301.284 i X1  279.240   23.857   99.000 29.7700 2.6800 22.5200 3.7700     0 1.04 
OBS: 57301.286 z X1  260.419   23.643   99.000 29.4796 2.4510 20.2294 4.0972     0 0.98 
OBS: 57305.279 g X1  131.803    5.244   99.000 30.6750 3.0400 8.0100 3.5900     0 1.10 
OBS: 57305.281 r X1  286.444    7.062   99.000 30.7220 2.7200 12.0900 3.5800     0 1.10 
OBS: 57305.283 i X1  241.203    7.582   99.000 30.9810 2.7800 17.6000 3.6700     0 1.08 
OBS: 57305.286 z X1  179.797    7.755   99.000 30.6307 2.3870 15.5512 4.0315     0 1.01 
OBS: 57311.106 g X1  119.114    5.522   99.000 30.6000 3.2600 8.0000 3.6200     0 0.96 
OBS: 57311.109 r X1  260.402    8.072   99.000 30.6840 3.1800 11.7900 3.5900     0 0.98 
OBS: 57311.111 i X1  169.735   10.892   99.000 30.9530 3.4400 20.8000 3.6900     0 1.05 
OBS: 57311.114 z X1  159.734   11.840   99.000 30.6259 3.2868 18.8875 4.0482     0 0.99 
OBS: 57315.178 g X1  125.415    7.519   99.000 30.5830 2.9700 10.6700 3.7800     0 1.03 
OBS: 57315.181 r X1  213.381    8.368   99.000 30.6560 3.0500 13.7500 3.6400     0 1.05 
OBS: 57315.183 i X1  175.723   11.065   99.000 30.8380 2.7900 22.9900 3.7200     0 0.98 
OBS: 57315.185 z X1  109.720   14.978   99.000 30.4272 3.1247 20.2511 4.0537     0 0.93 
OBS: 57319.276 g X1   31.402   23.768   99.000 30.5940 3.1500 26.5400 3.8000     0 1.02 
OBS: 57319.278 r X1  201.925   18.258   99.000 30.6620 3.1800 27.1000 3.6200     0 1.08 
OBS: 57319.281 i X1  151.806   17.109   99.000 30.9550 3.1500 33.8300 3.7600     0 1.03 
OBS: 57319.283 z X1  136.826   15.335   99.000 30.6086 3.0019 25.9893 4.0300     0 0.95 
OBS: 57325.068 g X1   76.964   11.350   99.000 30.5870 2.6600 15.6800 3.7900     0 1.10 
OBS: 57325.071 r X1  183.617   12.927   99.000 30.6750 2.3300 22.2200 3.6600     0 1.06 
OBS: 57325.073 i X1  139.018   11.719   99.000 30.9520 2.2900 33.4600 3.7700     0 0.94 
OBS: 57325.075 z X1   95.970   13.581   99.000 30.6336 2.4395 28.7057 4.0225     0 1.10 
OBS: 57329.057 g X1   93.338    5.264   99.000 30.5960 2.6500 8.1500 3.6200     0 0.96 
OBS: 57329.059 r X1  165.327    7.276   99.000 30.6860 2.5200 13.4600 3.6000     0 1.01 
OBS: 57329.062 i X1  124.803    8.852   99.000 30.9540 2.3200 26.1700 3.6800     0 1.03 
OBS: 57329.064 z X1   76.895   11.148   99.000 30.5991 2.2356 24.2721 4.0200     0 1.01 
OBS: 57339.033 g X1   93.532    6.009   99.000 30.5790 3.3100 8.3300 3.6100     0 0.96 
OBS: 57339.035 r X1  123.123    8.291   99.000 30.6790 3.0300 13.4200 3.6000     0 0.94 
OBS: 57339.037 i X1   95.434    9.847   99.000 30.9550 2.7400 25.2400 3.6800     0 0.90 
OBS: 57339.040 z X1   65.710   12.945   99.000 30.6428 2.5854 24.6657 4.0151     0 0.99 
OBS: 57344.213 g X1   82.351    4.459   99.000 30.6500 2.3600 7.9900 3.5900     0 1.08 
OBS: 57344.216 r X1  114.001    5.399   99.000 30.6670 1.9300 12.3600 3.6000     0 1.08 
OBS: 57344.218 i X1   92.098    7.449   99.000 30.9240 1.9000 24.7200 3.6800     0 0.89 
OBS: 57344.220 z X1   46.993    8.867   99.000 30.5253 1.8023 23.2565 4.0362     0 1.01 
OBS: 57355.156 g X1   69.315    9.682   99.000 30.6370 2.1000 21.6300 3.8300     0 1.04 
OBS: 57355.159 r X1   89.504    7.700   99.000 30.6960 1.8300 21.0100 3.6100     0 1.03 
OBS: 57355.161 i X1   55.764    6.780   99.000 30.9570 1.6300 28.2800 3.7500     0 1.02 
OBS: 57355.163 z X1   29.813    8.553   99.000 30.6330 1.7649 24.0049 3.9950     0 0.94 
OBS: 57365.051 g X1   62.889    4.967   99.000 30.3630 2.4300 7.9300 3.5900     0 1.03 
OBS: 57365.054 r X1   71.524    5.647   99.000 30.5070 2.0700 11.0200 3.5600     0 0.96 
OBS: 57365.056 i X1   55.967    5.631   99.000 30.8950 1.8400 18.7400 3.6700     0 0.97 
OBS: 57365.059 z X1   31.743    6.649   99.000 30.5034 1.7957 16.1062 4.0343     0 0.96 
OBS: 57372.046 g X1   56.339    5.315   99.000 30.6520 2.5400 10.0000 3.6900     0 0.89 
OBS: 57372.048 r X1   76.398    5.701   99.000 30.7260 2.3200 11.8200 3.5800     0 0.97 
OBS: 57372.051 i X1   41.128    7.033   99.000 30.9630 2.3300 20.0500 3.6700     0 0.92 
OBS: 57372.053 z X1    2.732    7.558   99.000 30.6285 2.1182 18.1868 4.0597     0 0.95 
OBS: 57379.061 r X1   57.586   15.345   99.000 30.7180 2.2600 37.2000 3.6700     0 0.98 
OBS: 57379.063 i X1   41.571   13.514   99.000 30.9760 2.1600 43.9000 3.7900     0 1.09 
OBS: 57379.066 z X1   19.731   11.659   99.000 30.6378 1.8556 31.1337 3.9947     0 1.03 
OBS: 57388.042 g X1   42.120    5.696   99.000 30.5700 2.2800 11.2800 3.7900     0 0.98 
OBS: 57388.045 r X1   55.359    7.495   99.000 30.4260 2.0800 13.9400 3.6200     0 0.96 
OBS: 57388.047 i X1   32.056    6.500   99.000 30.9240 2.0900 21.4100 3.7400     0 0.99 
OBS: 57388.049 z X1    5.541    9.211   99.000 30.4739 2.0035 20.8991 4.0300     0 0.99 
OBS: 57395.094 g X1   40.876    5.715   99.000 30.6160 3.4900 8.0800 3.6100     0 1.08 
OBS: 57395.096 r X1   36.079    6.577   99.000 30.7070 2.9900 11.7600 3.5800     0 1.01 
OBS: 57395.098 i X1  -10.074   12.935   99.000 30.9420 3.5500 23.9200 3.7000     0 1.04 
OBS: 57395.100 z X1  -12.640   18.892   99.000 30.5355 3.7398 23.0504 4.0003     0 1.02 
OBS: 57402.048 g X1   33.336    5.538   99.000 30.6550 1.9600 13.1700 3.7700     0 0.94 
OBS: 57402.051 r X1   44.444    5.304   99.000 30.7100 1.7500 14.9600 3.5800     0 1.07 
OBS: 57402.053 i X1    8.660    5.215   99.000 30.9610 1.5600 23.4400 3.7400     0 1.06 
OBS: 57402.056 z X1    7.604    6.284   99.000 30.5940 1.4443 21.3754 4.0300     0 0.91 
OBS: 57427.050 g X1   25.309    9.253   99.000 30.5220 3.9000 9.5500 3.7000     0 1.04 
OBS: 57427.052 r X1    5.824    9.580   99.000 30.6200 3.2900 14.1200 3.6100     0 1.10 
OBS: 57427.054 i X1   14.396   12.874   99.000 30.9110 3.2500 26.5300 3.7000     0 0.98 
OBS: 57427.057 z X1   27.401   15.939   99.000 30.5195 3.0246 25.9179 4.0100     0 1.00 
