SURVEY:              DES 
SNID: 1291794 
IAUC: UNKNOWN
FILTERS:             griz 
FAKE:                0 
RA:    55.169327
DECL:   -28.711853
TYPE:                 1    #  OVERRIDE 
PEAKMJD:              57274.691406    #  OVERRIDE 
PSF_UNIT:            SIGMA-PIXELS 
REDSHIFT_HELIO: 0.3956 +- 0.0005 
REDSHIFT_CMB: 0.3951236 +- 0.0005 
VPEC: 5.078962 +- 250.0
PIXSIZE:             0.270 # arcsec 
MWEBV:       0.01220 
MWEBV_ERR:   0.00060 

HOSTGAL_OBJID:       3318 
HOSTGAL_PHOTOZ:      0.3486 +- 0.0714 
HOSTGAL_SPECZ:       0.3956 +- -9.0000 
HOSTGAL_SNSEP:       1.11 
HOSTGAL_LOGMASS:      10.935 +- 0.035    #  OVERRIDE 
HOSTGAL_MAG:         22.42 20.96 20.45 20.08 
HOSTGAL_SB_FLUXCAL:  16.37 63.57 109.04 154.65 


# Appended from HEADER-override file. 
PRIVATE(DES_mjd_latest_ml):      57311.263000 
PRIVATE(DES_mjd_trigger):        57276.354000 

# ---------------------- 
NOBS: 107
NVAR: 12
VARLIST:  MJD BAND FIELD FLUXCAL FLUXCALERR SIM_MAGOBS ZPFLUX PSF SKYSIG GAIN PHOTFLAG PHOTPROB
OBS: 57252.289 g C2    0.163    4.888   99.000 30.6190 3.1000 7.5300 3.5800     0 0.89 
OBS: 57252.291 r C2   -6.054    6.985   99.000 30.7000 2.6300 12.3500 3.5200     0 1.03 
OBS: 57252.293 i C2   -2.528    9.612   99.000 30.9740 2.6100 23.8000 3.7200     0 1.00 
OBS: 57252.296 z C2   14.623   13.301   99.000 30.6963 2.7329 23.5946 3.9210     0 0.92 
OBS: 57256.281 r C2    4.768    9.673   99.000 30.7180 3.9400 11.4500 3.4700     0 0.95 
OBS: 57256.283 i C2  -24.727   13.244   99.000 30.9850 3.6600 22.0000 3.7100     0 0.97 
OBS: 57256.285 z C2   -3.074   15.737   99.000 30.6916 3.4358 21.2869 3.9400     0 0.94 
OBS: 57257.309 g C2   -0.314    5.564   99.000 30.5310 3.1900 7.4400 3.5500     0 0.94 
OBS: 57257.311 r C2    8.756    7.126   99.000 30.5870 2.7500 10.8600 3.4800     0 1.05 
OBS: 57257.313 i C2    8.749    8.548   99.000 30.8590 2.6300 18.4400 3.6600     0 0.96 
OBS: 57257.316 z C2   29.371    9.906   99.000 30.6196 2.3884 17.3958 3.9198     0 0.95 
OBS: 57266.270 g C2   40.249   20.184   99.000 30.5930 2.8200 32.8400 3.8800     0 0.99 
OBS: 57266.273 r C2  104.800   16.307   99.000 30.6890 2.6100 29.5700 3.6600     0 1.02 
OBS: 57266.275 i C2   68.091   10.674   99.000 30.9650 2.4400 30.3300 3.7600     0 0.90 
OBS: 57266.277 z C2   93.306    9.008   99.000 30.6400 2.1445 18.2292 3.9648     0 0.91 
OBS: 57276.356 r C2  182.616    9.883   99.000 30.7340 3.9800 10.5700 3.3700     0 0.89 
OBS: 57276.358 i C2  129.192    8.630   99.000 30.9810 3.1800 16.8800 3.6300     0 0.94 
OBS: 57276.360 z C2  110.856   10.335   99.000 30.6409 2.8178 15.3719 3.9395     0 0.93 
OBS: 57277.392 g C2   72.083    4.080   99.000 30.7100 2.5300 7.8700 3.5700     0 0.94 
OBS: 57277.395 r C2  162.905    6.065   99.000 30.7330 2.3400 11.3600 3.4900     0 1.02 
OBS: 57277.397 i C2  144.944    7.354   99.000 30.9850 2.3800 19.8200 3.6800     0 1.04 
OBS: 57277.399 z C2  124.727   10.622   99.000 30.6945 2.4818 19.7009 3.9600     0 0.90 
OBS: 57284.338 g C2   39.931    9.171   99.000 29.7760 2.5200 7.7800 3.6400     0 0.85 
OBS: 57284.341 r C2  138.965   11.439   99.000 29.9830 2.3400 11.7000 3.5600     0 1.01 
OBS: 57284.343 i C2  125.606   15.888   99.000 29.8360 2.0900 19.0200 3.7500     0 1.10 
OBS: 57288.210 g C2   38.608   20.393   99.000 30.6080 4.1300 17.8300 3.8000     0 1.10 
OBS: 57288.213 r C2  124.940   13.382   99.000 30.7000 4.1300 17.0500 3.5700     0 0.97 
OBS: 57288.215 i C2  120.943   13.602   99.000 30.9330 3.8900 21.0800 3.7300     0 0.98 
OBS: 57288.217 z C2  100.433   14.136   99.000 30.6513 3.7612 17.0321 3.8948     0 0.94 
OBS: 57297.174 g C2   38.448   21.147   99.000 30.5400 3.3600 25.0900 3.8300     0 1.03 
OBS: 57297.178 i C2   89.512   23.206   99.000 30.7540 3.2100 39.3100 3.8100     0 0.96 
OBS: 57297.181 z C2   39.737   15.558   99.000 30.6110 2.9282 25.1694 3.9434     0 0.93 
OBS: 57302.291 g C2   14.115    3.954   99.000 30.7100 2.8600 6.8600 3.6300     0 0.99 
OBS: 57302.293 r C2   59.969    6.692   99.000 30.7390 2.8200 10.6200 3.4200     0 1.05 
OBS: 57302.295 i C2   76.522    8.050   99.000 30.9760 2.6700 18.6100 3.6600     0 0.97 
OBS: 57302.298 z C2   65.117   10.980   99.000 30.6604 2.7843 17.1330 3.9250     0 0.86 
OBS: 57311.256 g C2   10.371    3.657   99.000 30.6850 2.6100 7.2800 3.5200     0 0.98 
OBS: 57311.259 r C2   28.771    5.318   99.000 30.7030 2.3600 10.6900 3.4700     0 1.01 
OBS: 57311.261 i C2   77.958    5.107   99.000 30.9620 1.9200 16.3200 3.6600     0 1.06 
OBS: 57311.264 z C2   56.447    6.174   99.000 30.6770 1.7401 14.7318 3.9701     0 1.06 
OBS: 57317.170 g C2    7.616    8.156   99.000 30.6430 2.6400 16.3100 3.8000     0 1.00 
OBS: 57317.172 r C2   15.917    7.894   99.000 30.6890 2.4500 16.5800 3.6000     0 0.96 
OBS: 57317.174 i C2   22.217    8.661   99.000 30.9630 2.4500 22.9900 3.7400     0 0.90 
OBS: 57317.177 z C2   51.488    9.689   99.000 30.6474 2.1528 20.0465 3.9751     0 0.92 
OBS: 57325.198 g C2   18.706   14.638   99.000 30.6640 1.9100 27.2200 3.9000     0 1.03 
OBS: 57325.200 r C2   22.964    9.184   99.000 30.7100 1.7000 26.7000 3.6100     0 1.09 
OBS: 57325.202 i C2   31.899    7.870   99.000 30.9610 1.5900 32.2500 3.7700     0 0.94 
OBS: 57325.204 z C2   32.754    7.913   99.000 30.6579 1.5489 24.3421 3.9243     0 0.90 
OBS: 57329.225 g C2    2.406    6.719   99.000 30.6800 3.6500 9.0900 3.6700     0 0.97 
OBS: 57329.227 r C2   31.975    6.823   99.000 30.7160 2.7400 12.4700 3.5600     0 0.86 
OBS: 57329.229 i C2   29.207    9.537   99.000 30.9760 2.7000 22.6100 3.7300     0 0.84 
OBS: 57329.232 z C2   24.458   11.466   99.000 30.6620 2.8350 20.1723 3.9600     0 0.96 
OBS: 57331.089 g C2    5.816    3.887   99.000 30.6330 2.5900 7.2800 3.5200     0 0.96 
OBS: 57331.092 r C2   -0.098    6.196   99.000 30.6880 2.3000 13.0300 3.5800     0 1.10 
OBS: 57331.094 i C2   25.472    8.789   99.000 30.9530 2.2200 25.8100 3.6900     0 0.92 
OBS: 57331.096 z C2   31.021   11.157   99.000 30.6852 2.1634 25.2470 3.9757     0 0.94 
OBS: 57339.281 g C2   10.705    4.375   99.000 30.6610 2.8800 7.2800 3.5200     0 0.96 
OBS: 57339.284 r C2   17.024    5.785   99.000 30.6780 2.5500 11.0600 3.5500     0 0.98 
OBS: 57339.286 i C2   21.673    9.091   99.000 30.9330 2.7200 21.7000 3.7600     0 1.01 
OBS: 57339.288 z C2   15.805   11.423   99.000 30.6577 2.6570 21.8085 3.9508     0 0.96 
OBS: 57345.328 g C2    3.323    4.831   99.000 30.6280 2.7600 7.9200 3.5800     0 1.04 
OBS: 57345.331 r C2   13.374    6.713   99.000 30.6880 2.7900 11.6700 3.5500     0 0.99 
OBS: 57345.333 i C2   -3.808    8.817   99.000 30.9730 2.6800 22.2600 3.7200     0 0.86 
OBS: 57345.335 z C2   11.360   11.573   99.000 30.7167 2.4965 23.2099 3.9400     0 0.94 
OBS: 57349.299 g C2  -36.817   16.246   99.000 30.6380 2.9100 25.2900 3.8200     0 0.98 
OBS: 57349.301 r C2    8.908   14.926   99.000 30.6860 3.1300 26.2800 3.6200     0 0.91 
OBS: 57349.303 i C2   -2.712   13.795   99.000 30.9650 2.7700 33.7800 3.7900     0 0.92 
OBS: 57349.305 z C2   19.306   15.538   99.000 30.6806 2.8277 26.1262 3.9668     0 0.94 
OBS: 57356.168 g C2   -0.027    5.500   99.000 30.6730 1.7200 15.4300 3.8000     0 1.06 
OBS: 57356.170 r C2   -3.610    4.767   99.000 30.7100 1.5500 15.6400 3.5900     0 1.05 
OBS: 57356.172 i C2   10.726    5.098   99.000 30.9670 1.4000 23.1400 3.7700     0 1.01 
OBS: 57356.174 z C2    7.332    6.211   99.000 30.7060 1.3926 22.1828 3.9710     0 0.97 
OBS: 57365.245 g C2    1.575    2.364   99.000 30.6580 1.6700 6.7100 3.6000     0 1.01 
OBS: 57365.247 r C2   13.259    3.263   99.000 30.7000 1.5100 9.3200 3.4400     0 1.14 
OBS: 57365.249 i C2   14.864    3.840   99.000 30.9400 1.4300 15.2100 3.7000     0 1.10 
OBS: 57365.252 z C2   12.316    5.008   99.000 30.5937 1.3741 13.1443 3.9700     0 1.02 
OBS: 57372.223 g C2    3.014    2.921   99.000 30.5870 1.8300 7.5300 3.5200     0 1.01 
OBS: 57372.226 r C2   11.424    4.718   99.000 30.4950 1.7200 11.1000 3.6000     0 1.00 
OBS: 57372.228 i C2   12.387    9.463   99.000 30.3830 1.5600 24.8300 3.7600     0 1.18 
OBS: 57372.229 z C2   -1.810   10.656   99.000 30.4858 1.5778 24.7609 3.9697     0 0.91 
OBS: 57376.057 r C2   18.508   21.473   99.000 30.6000 4.5200 20.2300 3.5900     0 1.00 
OBS: 57376.059 i C2   -8.702   20.080   99.000 30.9750 4.2800 27.4200 3.6900     0 0.84 
OBS: 57376.062 z C2  -42.796   21.377   99.000 30.6372 4.2889 21.9592 3.9124     0 0.85 
OBS: 57379.073 g C2  -13.762   14.265   99.000 30.6900 2.0400 31.2400 3.8900     0 1.00 
OBS: 57379.076 r C2   19.099   10.528   99.000 30.7210 1.7700 29.5700 3.6800     0 0.88 
OBS: 57379.078 i C2    9.249    9.145   99.000 30.9590 1.6600 35.8500 3.7800     0 0.89 
OBS: 57379.081 z C2   17.620    8.727   99.000 30.6620 1.5443 27.2618 3.9649     0 0.99 
OBS: 57387.178 g C2    3.610    5.949   99.000 30.6560 2.1300 14.0500 3.8300     0 0.92 
OBS: 57387.181 r C2    6.058    5.339   99.000 30.6980 1.8900 14.9400 3.5800     0 1.01 
OBS: 57387.183 i C2   -1.152    6.289   99.000 30.9480 1.7600 24.3000 3.7300     0 1.02 
OBS: 57387.185 z C2   -1.181    7.721   99.000 30.5986 1.6123 21.8355 3.9855     0 1.02 
OBS: 57394.144 g C2   10.241    4.695   99.000 30.6830 3.1400 6.9300 3.6100     0 1.00 
OBS: 57394.146 r C2   -2.975    6.910   99.000 30.7160 3.0200 10.7600 3.5700     0 1.03 
OBS: 57394.148 i C2   12.170   11.448   99.000 30.9360 3.2000 23.4400 3.7300     0 0.97 
OBS: 57394.151 z C2   17.004   13.279   99.000 30.6049 2.6033 23.0017 3.9649     0 1.02 
OBS: 57401.122 g C2    2.355    2.601   99.000 30.6650 1.8200 6.6400 3.5700     0 0.86 
OBS: 57401.125 r C2    9.771    3.578   99.000 30.7040 1.6500 9.5100 3.4400     0 1.10 
OBS: 57401.127 i C2   10.056    4.687   99.000 30.9390 1.5500 18.1300 3.7200     0 0.97 
OBS: 57401.129 z C2   19.664    6.381   99.000 30.5951 1.5148 17.9097 3.9548     0 0.96 
OBS: 57408.078 g C2    6.051   15.067   99.000 30.6510 1.9700 29.4700 3.8900     0 0.96 
OBS: 57408.081 r C2    5.175    9.722   99.000 30.6870 1.7100 28.8900 3.7000     0 0.96 
OBS: 57408.083 i C2   12.685    8.764   99.000 30.9180 1.6100 35.1700 3.8000     0 0.93 
OBS: 57408.085 z C2    0.241    8.700   99.000 30.5348 1.5180 25.2691 3.9865     0 1.01 
OBS: 57426.143 g C2    1.625    5.716   99.000 30.5270 3.1600 9.2000 3.5600     0 1.02 
OBS: 57426.145 r C2   -3.575    8.578   99.000 30.6230 3.1000 12.9900 3.5900     0 0.95 
OBS: 57426.147 i C2   23.608   11.486   99.000 30.9260 2.8100 24.9500 3.7400     0 0.98 
OBS: 57426.145 z C2   24.517   23.415   99.000 30.5100 2.7800 35.1000 3.9400 65536 0.89 
