SURVEY:              DES 
SNID: 1335718 
IAUC: UNKNOWN
FILTERS:             griz 
FAKE:                0 
RA:    52.309444
DECL:   -28.385372
TYPE:                 1    #  OVERRIDE 
PEAKMJD:              57349.187500    #  OVERRIDE 
PSF_UNIT:            SIGMA-PIXELS 
REDSHIFT_HELIO: 0.7 +- 0.005 
REDSHIFT_CMB: 0.6993329 +- 0.005 
VPEC: 2.651332 +- 250.0
PIXSIZE:             0.270 # arcsec 
MWEBV:       0.00880 
MWEBV_ERR:   0.00050 

HOSTGAL_OBJID:       41126 
HOSTGAL_PHOTOZ:      1.1699 +- 0.0692 
HOSTGAL_SPECZ:       -9.0000 +- -9.0000 
HOSTGAL_SNSEP:       0.55 
HOSTGAL_LOGMASS:      8.642 +- 0.5365    #  OVERRIDE 
HOSTGAL_MAG:         27.97 27.11 25.57 25.34 
HOSTGAL_SB_FLUXCAL:  -0.12 0.09 1.06 1.26 


# Appended from HEADER-override file. 
PRIVATE(DES_mjd_latest_ml):      57394.097000 
PRIVATE(DES_mjd_trigger):        57331.216000 

# ---------------------- 
NOBS: 64
NVAR: 12
VARLIST:  MJD BAND FIELD FLUXCAL FLUXCALERR SIM_MAGOBS ZPFLUX PSF SKYSIG GAIN PHOTFLAG PHOTPROB
OBS: 57304.305 z C3   -0.679    4.576   99.000 30.8314 2.5127 10.2612 3.9834 98304 0.85 
OBS: 57311.207 g C3   -1.829    1.705   99.000 30.8246 2.1070 4.1165 3.9363     0 0.90 
OBS: 57311.216 r C3    2.085    1.413   99.000 31.7920 1.9202 8.6405 3.9134     0 0.76 
OBS: 57311.232 i C3    2.600    1.437   99.000 31.6163 1.7475 8.6995 3.9740     0 0.83 
OBS: 57311.304 z C3   -1.864    2.214   99.000 31.0921 1.6337 9.6919 3.9645     0 0.90 
OBS: 57317.161 g C3    0.299    3.772   99.000 30.8005 2.1853 9.6645 4.1766     0 0.94 
OBS: 57317.190 r C3    0.866    2.295   99.000 31.7833 2.0024 14.3539 4.0165     0 0.84 
OBS: 57318.106 i C3   -6.803    4.241   99.000 31.5981 2.8511 16.5504 4.1171     0 0.87 
OBS: 57318.130 z C3   -1.564    3.890   99.000 31.1886 2.5392 12.7022 3.9623     0 0.88 
OBS: 57325.182 r C3    2.733    3.510   99.000 31.7799 1.7090 23.5404 4.1400     0 0.91 
OBS: 57327.087 g C3    0.319    2.431   99.000 30.7763 2.6841 4.3722 3.9848     0 0.87 
OBS: 57327.096 i C3    4.305    2.587   99.000 31.5971 2.0994 12.9685 4.0667     0 0.84 
OBS: 57327.134 z C3    9.810    2.440   99.000 31.1909 1.8355 11.0138 3.9737     0 0.86 
OBS: 57329.195 r C3   12.502    2.153   99.000 31.7927 2.6657 9.6626 3.9631     0 0.78 
OBS: 57331.191 g C3    2.512    1.892   99.000 30.8532 2.2074 4.0626 3.9765     0 0.93 
OBS: 57331.216 i C3   16.115    2.533   99.000 31.6347 2.5314 11.0983 3.9954     0 0.86 
OBS: 57331.241 z C3   19.685    2.616   99.000 31.2419 2.0900 10.8494 3.9477     0 0.89 
OBS: 57339.132 r C3   41.973    2.303   99.000 31.7872 2.7086 9.7629 3.9536     0 0.79 
OBS: 57339.201 g C3   11.407    1.979   99.000 30.8334 2.4222 4.1839 3.9305     0 0.87 
OBS: 57339.210 i C3   39.377    2.073   99.000 31.6163 2.0570 11.2216 4.0044     0 0.82 
OBS: 57339.232 z C3   30.181    3.416   99.000 31.2357 2.6248 11.4734 3.9620     0 0.84 
OBS: 57345.255 g C3   15.709    2.138   99.000 30.8341 2.5540 4.1838 3.9861     0 0.90 
OBS: 57345.263 r C3   51.153    1.904   99.000 31.7940 2.3837 9.3640 3.9229     0 0.84 
OBS: 57345.286 i C3   52.798    2.812   99.000 31.6230 2.6400 11.3575 3.9994     0 0.83 
OBS: 57346.050 z C3   46.569    2.464   99.000 30.8364 1.6777 6.1979 3.9681 65536 0.86 
OBS: 57349.229 i C3   56.509    9.375   99.000 31.6130 2.1900 43.0600 4.1500 65536 0.74 
OBS: 57355.251 z C3   51.904    2.820   99.000 31.2041 1.8172 12.9327 3.9572 65536 0.88 
OBS: 57356.079 r C3   45.359    1.357   99.000 31.7733 1.6400 8.6707 3.9367     0 0.85 
OBS: 57356.135 g C3    6.403    2.284   99.000 30.8271 1.6625 7.2583 4.1424     0 0.88 
OBS: 57356.144 i C3   51.862    1.881   99.000 31.6176 1.4773 13.6121 4.0780     0 0.86 
OBS: 57359.217 z C3   83.411   16.079   99.000 29.8019 1.7970 25.1290 4.0052 229376 0.92 
OBS: 57365.133 z C3   41.381    1.688   99.000 31.1509 1.3676 8.9757 3.9928 32768 0.89 
OBS: 57365.196 g C3    2.800    1.155   99.000 30.8128 1.4090 3.9567 3.9805     0 0.92 
OBS: 57365.205 r C3   31.830    1.135   99.000 31.7730 1.3406 8.5331 3.9300     0 0.86 
OBS: 57365.227 i C3   42.211    1.991   99.000 31.5900 1.3445 13.8606 4.0048 32768 0.84 
OBS: 57372.127 g C3    2.548    1.554   99.000 30.8346 1.9218 4.0934 3.9602     0 0.94 
OBS: 57372.136 r C3   21.950    1.819   99.000 31.6919 2.0702 9.3797 3.9471     0 0.81 
OBS: 57372.153 i C3   30.577    2.407   99.000 31.5311 2.0038 12.0689 4.0770     0 0.85 
OBS: 57372.178 z C3   31.858    2.791   99.000 30.9192 1.4746 12.1276 3.9785 32768 0.91 
OBS: 57376.172 g C3   22.063    7.040   99.000 30.8252 3.1858 11.6644 4.2039     0 0.87 
OBS: 57378.042 r C3   21.321    7.349   99.000 31.7900 1.9400 41.2600 4.1400 65536 0.84 
OBS: 57378.142 z C3   24.631    2.691   99.000 31.2052 1.6173 14.0018 3.9315     0 0.92 
OBS: 57385.161 g C3    2.083    3.297   99.000 30.8101 1.5303 11.3731 4.2200     0 0.94 
OBS: 57385.171 r C3    8.772    2.103   99.000 31.7823 1.5687 16.9156 4.0836     0 0.88 
OBS: 57387.107 i C3   16.683    1.508   99.000 31.6006 1.5341 10.2312 4.0290     0 0.86 
OBS: 57387.130 z C3   24.707    2.248   99.000 31.1490 1.4936 11.6037 3.9657     0 0.89 
OBS: 57389.140 g C3   -3.592    2.420   99.000 30.8625 2.8398 4.4339 3.9778     0 0.94 
OBS: 57389.163 r C3    6.980    1.967   99.000 31.7983 2.3685 9.9665 3.9662     0 0.79 
OBS: 57391.171 i C3   10.583    5.143   99.000 30.9103 2.0060 14.6870 4.1284 65536 0.87 
OBS: 57394.095 z C3   22.181    3.571   99.000 31.1564 2.3109 12.6441 3.9627 65536 0.91 
OBS: 57394.171 g C3    0.643    2.516   99.000 30.8056 2.9309 4.1279 3.9336     0 0.90 
OBS: 57395.159 r C3    1.802    3.306   99.000 31.7977 3.8389 9.3488 3.9000     0 0.76 
OBS: 57397.091 i C3    5.398    2.187   99.000 31.5908 2.0248 11.9382 4.0421     0 0.86 
OBS: 57399.176 g C3    1.539    2.400   99.000 30.8028 2.8395 4.2531 3.9985     0 0.84 
OBS: 57401.075 z C3   13.029    1.691   99.000 31.1509 1.4792 8.8730 3.9613     0 0.86 
OBS: 57402.110 r C3    3.188    1.363   99.000 31.7755 1.5701 10.2561 3.9501     0 0.88 
OBS: 57404.045 i C3    5.928    2.101   99.000 31.6263 1.7057 14.0403 4.0758     0 0.86 
OBS: 57406.046 g C3  -10.693    4.885   99.000 30.8353 1.9932 12.6989 4.2103     0 0.94 
OBS: 57406.116 z C3    9.110    3.033   99.000 31.1895 1.8821 13.6576 3.9391     0 0.89 
OBS: 57408.092 r C3    5.469    4.033   99.000 31.7460 1.8696 26.3039 4.1300     0 0.83 
OBS: 57425.071 i C3   -9.418    6.424   99.000 31.5870 2.5200 27.5200 4.1000 65536 0.82 
OBS: 57425.110 g C3    1.763    2.428   99.000 30.7591 2.5376 4.6010 4.0196     0 0.96 
OBS: 57426.067 z C3    2.399    3.362   99.000 31.0997 2.4130 10.2238 3.9521     0 0.90 
OBS: 57426.118 r C3    1.072    2.681   99.000 31.7265 2.9827 10.3595 3.9578     0 0.84 
