SURVEY:              DES 
SNID: 1312274 
IAUC: UNKNOWN
FILTERS:             griz 
FAKE:                0 
RA:    42.610977
DECL:    -0.361718
TYPE:                 1    #  OVERRIDE 
PEAKMJD:              56977.132812    #  OVERRIDE 
PSF_UNIT:            SIGMA-PIXELS 
REDSHIFT_HELIO: 0.42551 +- 0.0005 
REDSHIFT_CMB: 0.4245055 +- 0.0005 
VPEC: -17.234797 +- 250.0
PIXSIZE:             0.270 # arcsec 
MWEBV:       0.06150 
MWEBV_ERR:   0.00090 

HOSTGAL_OBJID:       31829 
HOSTGAL_PHOTOZ:      0.4478 +- 0.0348 
HOSTGAL_SPECZ:       0.4261 +- -9.0000 
HOSTGAL_SNSEP:       0.76 
HOSTGAL_LOGMASS:      10.494 +- 0.1565    #  OVERRIDE 
HOSTGAL_MAG:         23.97 22.35 21.77 21.32 
HOSTGAL_SB_FLUXCAL:  4.72 18.76 33.34 57.95 


# Appended from HEADER-override file. 
PRIVATE(DES_mjd_latest_ml):      57001.167000 
PRIVATE(DES_mjd_trigger):        56980.192000 

# ---------------------- 
NOBS: 90
NVAR: 12
VARLIST:  MJD BAND FIELD FLUXCAL FLUXCALERR SIM_MAGOBS ZPFLUX PSF SKYSIG GAIN PHOTFLAG PHOTPROB
OBS: 56923.331 r S1   10.965    8.534   99.000 30.7860 3.2700 11.6300 3.8300     0 0.74 
OBS: 56927.294 g S1    0.876    4.322   99.000 30.7370 2.3900 8.5300 3.8700     0 0.80 
OBS: 56927.296 r S1   -4.388    6.728   99.000 30.7910 2.2600 12.9000 3.8200     0 0.69 
OBS: 56927.298 i S1   -2.825    6.967   99.000 31.0190 1.9800 22.1300 4.0300     0 0.86 
OBS: 56932.270 g S1    1.514    3.896   99.000 30.7210 2.2100 7.8800 3.8300     0 0.71 
OBS: 56932.273 r S1    5.924    5.954   99.000 30.7920 2.0400 12.3100 3.8100     0 0.80 
OBS: 56932.275 i S1   -6.642    5.590   99.000 31.0190 1.8700 19.2000 3.9700     0 0.79 
OBS: 56932.276 z S1   -0.991    9.901   99.000 30.7000 1.9300 25.6700 4.0200 65536 0.94 
OBS: 56943.215 g S1   14.317   12.650   99.000 30.6950 2.0100 19.7600 4.0400     0 0.69 
OBS: 56943.218 r S1    9.259   17.574   99.000 30.7710 2.0400 20.1100 3.8600     0 0.65 
OBS: 56943.220 i S1    2.381    7.950   99.000 31.0140 1.7900 24.4000 4.0200     0 1.07 
OBS: 56943.221 z S1    6.857    9.177   99.000 30.7040 1.6700 26.4000 4.0800 65536 1.00 
OBS: 56956.141 g S1    0.618    3.290   99.000 30.6430 1.4500 9.2700 3.8900     0 0.85 
OBS: 56956.143 r S1    0.615    4.526   99.000 30.7430 1.4000 13.2300 3.8500     0 0.84 
OBS: 56956.145 i S1    4.243    5.080   99.000 30.9340 1.3300 22.1400 4.0400     0 0.88 
OBS: 56960.265 z S1   17.386   16.041   99.000 30.4525 3.0135 21.1823 4.0318     0 0.95 
OBS: 56963.228 g S1    6.450   13.921   99.000 30.5300 2.6000 19.3900 4.0400     0 0.74 
OBS: 56963.230 r S1   60.759   15.492   99.000 30.5910 2.5900 23.9500 3.8900     0 0.93 
OBS: 56963.232 i S1   39.096   15.246   99.000 30.7830 2.3700 34.3500 4.1000     0 0.81 
OBS: 56963.234 z S1   22.507   17.935   99.000 30.3156 2.2573 29.0777 4.0233     0 1.02 
OBS: 56973.129 g S1   53.476    3.753   99.000 30.7170 2.0900 8.1000 3.8300     0 0.65 
OBS: 56973.131 r S1  100.102    5.998   99.000 30.7730 1.9900 11.4200 3.7800     0 0.71 
OBS: 56973.133 i S1   94.260    6.166   99.000 31.0020 1.8200 19.4700 3.9900     0 0.78 
OBS: 56973.136 z S1   71.661    6.788   99.000 30.6841 1.7041 19.2211 4.0406     0 0.99 
OBS: 56980.192 g S1   37.639    3.197   99.000 30.7060 1.5600 8.1100 3.8100     0 0.80 
OBS: 56980.195 r S1  102.396    5.293   99.000 30.7560 1.5100 12.7300 3.8200     0 0.79 
OBS: 56980.197 i S1  105.453    6.390   99.000 30.9850 1.4700 25.7200 4.0200     0 0.95 
OBS: 56980.200 z S1   88.437    7.676   99.000 30.6235 1.4086 25.0634 4.0400     0 1.04 
OBS: 56987.193 g S1   19.370    3.746   99.000 30.7360 2.0000 8.5200 3.8300     0 0.68 
OBS: 56987.196 r S1   82.006    5.610   99.000 30.7900 1.7700 12.5100 3.8100     0 0.91 
OBS: 56987.198 i S1   92.726    6.878   99.000 31.0180 1.7000 23.3300 4.0000     0 0.86 
OBS: 56990.194 g S1   17.103    7.005   99.000 30.4560 2.3700 9.8800 3.9100     0 0.79 
OBS: 56990.196 r S1   61.659    6.846   99.000 30.7610 2.2200 13.0500 3.8000     0 0.70 
OBS: 56990.199 i S1   81.452    8.615   99.000 30.9830 2.1400 23.8600 4.0200     0 0.81 
OBS: 56990.199 z S1   48.161   15.243   99.000 30.6360 2.2300 34.0600 4.0100 65536 1.02 
OBS: 57001.160 g S1  -15.964   10.534   99.000 30.6710 2.3800 20.7200 4.0100     0 0.88 
OBS: 57001.162 r S1   29.640    9.782   99.000 30.7710 2.2400 19.5300 3.8700     0 0.87 
OBS: 57001.165 i S1   62.952    8.902   99.000 30.9960 2.1100 26.1700 4.0100     0 0.75 
OBS: 57001.167 z S1   47.802    8.946   99.000 30.6601 2.0041 23.3380 4.0106     0 0.99 
OBS: 57005.200 g S1   -4.878    6.451   99.000 30.6560 2.6100 11.7800 3.9600     0 0.74 
OBS: 57005.203 r S1   15.985    8.609   99.000 30.7700 2.6400 15.0900 3.8300     0 0.77 
OBS: 57005.205 i S1   32.114   12.771   99.000 30.9860 3.1300 25.7000 3.9900     0 0.94 
OBS: 57005.208 z S1   27.427   12.118   99.000 30.6763 2.2679 27.3460 4.0400     0 0.90 
OBS: 57012.067 g S1    2.637    4.547   99.000 30.7280 2.8800 7.9300 3.8300     0 0.71 
OBS: 57012.070 r S1   17.931    6.592   99.000 30.7830 2.6000 10.7700 3.7700     0 0.73 
OBS: 57012.072 i S1   21.463    7.590   99.000 31.0050 2.5200 18.4200 3.9500     0 0.93 
OBS: 57012.073 z S1   32.558   11.641   99.000 30.6780 2.3900 25.5400 4.0000 65536 0.91 
OBS: 57018.056 g S1   -0.748    8.663   99.000 30.6360 3.8700 11.3200 3.9700     0 0.98 
OBS: 57018.059 r S1   13.333   12.127   99.000 30.7880 4.1700 13.4000 3.8200     0 0.84 
OBS: 57018.061 i S1   28.728   16.284   99.000 30.9670 4.1500 23.2300 3.9800     0 0.91 
OBS: 57018.064 z S1   -0.817   20.043   99.000 30.6635 4.0627 23.2678 4.0000     0 0.93 
OBS: 57019.056 g S1    3.905   11.503   99.000 30.7150 3.6900 14.0400 3.9700     0 0.90 
OBS: 57019.058 r S1   18.249   10.831   99.000 30.7800 3.3200 15.0400 3.8300     0 0.79 
OBS: 57019.060 i S1   22.398   10.748   99.000 30.9800 3.1400 21.5400 4.0000     0 0.77 
OBS: 57019.061 z S1   46.672   15.875   99.000 30.6560 3.0000 27.1500 4.0500 65536 0.96 
OBS: 57026.152 g S1   92.634   21.435   99.000 30.6150 2.2900 43.3100 4.0300     0 0.91 
OBS: 57026.154 r S1   40.153   16.606   99.000 30.6980 1.9400 38.8100 3.9200     0 0.95 
OBS: 57026.156 i S1    0.402   12.072   99.000 30.9440 1.8600 42.1200 4.0900     0 0.89 
OBS: 57026.159 z S1   10.240   11.184   99.000 30.5860 1.8003 29.8538 4.0149     0 0.83 
OBS: 57033.100 g S1   -0.751    4.019   99.000 30.7200 2.3100 7.8900 3.8300     0 0.80 
OBS: 57033.103 r S1   11.334    5.816   99.000 30.7730 1.9200 12.1900 3.7900     0 0.80 
OBS: 57033.105 i S1   16.707    7.689   99.000 30.9930 1.8300 26.3100 4.0300     0 0.91 
OBS: 57033.108 z S1    6.434    8.901   99.000 30.6930 1.7347 28.2700 4.0299     0 0.99 
OBS: 57040.113 g S1    4.617    3.555   99.000 30.6460 2.0100 7.7400 3.8100     0 0.77 
OBS: 57040.116 r S1    6.764    5.684   99.000 30.7530 1.9000 11.3200 3.8000     0 0.79 
OBS: 57040.118 i S1    6.397    6.347   99.000 30.9770 1.8100 21.5700 4.0200     0 0.75 
OBS: 57040.120 z S1   16.720    7.862   99.000 30.6517 1.7141 22.5312 4.0159     0 0.96 
OBS: 57045.106 g S1   11.226    5.847   99.000 30.6730 3.1600 8.4000 3.9000     0 0.83 
OBS: 57045.109 r S1   -0.110    8.821   99.000 30.7600 2.9000 12.8400 3.8300     0 0.87 
OBS: 57045.111 i S1    5.137   11.300   99.000 30.9910 2.6700 25.2500 4.0000     0 0.87 
OBS: 57045.113 z S1   20.391   12.469   99.000 30.6759 2.4926 25.8324 4.0400     0 1.04 
OBS: 57052.096 g S1    4.906   15.988   99.000 30.5070 2.0600 30.7500 4.0400     0 1.08 
OBS: 57052.098 r S1   -3.854   13.082   99.000 30.6520 2.0600 30.2100 3.9200     0 0.96 
OBS: 57052.100 i S1   11.006   11.255   99.000 30.9220 2.0000 35.6500 4.1000     0 1.02 
OBS: 57249.388 g S1   -5.796    5.169   99.000 30.5000 2.5500 8.1900 3.9000     0 0.80 
OBS: 57249.391 r S1    2.739    8.011   99.000 30.6220 2.3100 12.1800 3.8000     0 0.87 
OBS: 57249.393 i S1   -2.088    7.422   99.000 30.9680 2.1600 21.3300 4.0300     0 0.82 
OBS: 57249.394 z S1   -0.305   12.815   99.000 30.6580 2.1200 30.7400 4.0300 65536 0.95 
OBS: 57253.401 g S1   -4.536    4.017   99.000 30.6730 2.3800 8.0600 3.8200     0 0.84 
OBS: 57253.403 r S1   -2.789    7.039   99.000 30.7450 2.3800 12.0700 3.7900     0 0.77 
OBS: 57253.405 i S1   -4.232    7.724   99.000 30.9780 1.9900 22.1400 4.0400     0 0.71 
OBS: 57253.408 z S1   -6.033    8.844   99.000 30.6741 1.9272 22.4612 4.0452     0 1.01 
OBS: 57258.358 g S1   -3.221    3.739   99.000 30.6600 2.0500 7.5600 3.8800     0 0.94 
OBS: 57258.360 r S1    0.237    5.796   99.000 30.7270 1.9600 11.5200 3.7800     0 0.79 
OBS: 57258.362 i S1    3.204    6.715   99.000 30.9520 1.8100 21.0800 4.0300     0 0.91 
OBS: 57258.363 z S1  -11.192   10.975   99.000 30.6020 1.8100 29.2800 4.0200 65536 0.87 
OBS: 57276.382 g S1    3.705    5.064   99.000 30.7080 3.0300 7.5700 3.8500     0 0.87 
OBS: 57276.384 r S1   -1.631    8.878   99.000 30.7590 3.4500 11.1900 3.7800     0 0.80 
OBS: 57276.386 i S1    7.881   10.482   99.000 30.9600 3.2800 19.0600 3.9700     0 0.81 
OBS: 57276.389 z S1    0.150   12.543   99.000 30.6104 3.1062 18.3808 4.0648     0 1.04 
