SURVEY:              DES 
SNID: 1337649 
IAUC: UNKNOWN
FILTERS:             griz 
FAKE:                0 
RA:    43.404419
DECL:     0.510183
TYPE:                 1    #  OVERRIDE 
PEAKMJD:              57361.125000    #  OVERRIDE 
PSF_UNIT:            SIGMA-PIXELS 
REDSHIFT_HELIO: 0.26238 +- 0.0005 
REDSHIFT_CMB: 0.2615051 +- 0.0005 
VPEC: -26.40559 +- 250.0
PIXSIZE:             0.270 # arcsec 
MWEBV:       0.08850 
MWEBV_ERR:   0.00140 

HOSTGAL_OBJID:       42238 
HOSTGAL_PHOTOZ:      0.4872 +- 0.0531 
HOSTGAL_SPECZ:       -9.9900 +- -9.0000 
HOSTGAL_SNSEP:       0.50 
HOSTGAL_LOGMASS:      8.682 +- 0.0315    #  OVERRIDE 
HOSTGAL_MAG:         23.89 23.11 22.91 22.80 
HOSTGAL_SB_FLUXCAL:  4.19 9.27 12.53 15.49 


# Appended from HEADER-override file. 
PRIVATE(DES_mjd_latest_ml):      57408.055000 
PRIVATE(DES_mjd_trigger):        57355.223000 

# ---------------------- 
NOBS: 67
NVAR: 12
VARLIST:  MJD BAND FIELD FLUXCAL FLUXCALERR SIM_MAGOBS ZPFLUX PSF SKYSIG GAIN PHOTFLAG PHOTPROB
OBS: 57303.182 r S1   -3.017    8.050   99.000 30.6800 3.5300 11.5900 3.6500     0 0.97 
OBS: 57303.184 i S1  -28.135   11.229   99.000 30.9710 3.6100 20.4300 3.7700     0 1.00 
OBS: 57303.187 z S1   -1.961   18.423   99.000 30.6351 4.0388 18.8843 4.0253     0 0.97 
OBS: 57304.254 g S1    9.106   10.427   99.000 30.1000 3.8100 8.0700 3.6900     0 0.88 
OBS: 57304.257 r S1  -19.077   13.469   99.000 30.0450 3.5100 12.5200 3.7300     0 1.06 
OBS: 57304.259 i S1  -12.091   14.423   99.000 30.4470 3.2500 19.8800 3.8000     0 0.83 
OBS: 57304.260 z S1  -50.255   27.176   99.000 30.2180 3.4600 26.7300 4.0600 65536 0.96 
OBS: 57305.265 g S1   -2.972    7.589   99.000 30.1800 3.4700 8.0600 3.6600     0 0.92 
OBS: 57305.267 r S1  -11.324    7.931   99.000 30.6860 3.3500 11.5500 3.6500     0 1.00 
OBS: 57305.269 i S1    2.993    7.592   99.000 30.9600 2.9300 17.9200 3.7500     0 0.95 
OBS: 57305.272 z S1    7.746    8.017   99.000 30.6219 2.4170 16.0244 3.9900     0 1.01 
OBS: 57312.138 g S1   -1.157    5.468   99.000 30.5470 3.1500 8.4600 3.6400     0 1.18 
OBS: 57312.140 r S1    4.096    9.279   99.000 30.6770 2.9000 14.1400 3.7000     0 1.00 
OBS: 57312.142 i S1  -11.232   13.354   99.000 30.9420 3.2000 27.5600 3.8100     0 0.88 
OBS: 57312.145 z S1   -2.627   15.563   99.000 30.6290 2.8824 25.8828 3.9904     0 0.95 
OBS: 57318.178 g S1  -17.677   15.667   99.000 30.6190 3.6200 20.7900 3.8500     0 0.87 
OBS: 57318.180 r S1   -0.047   12.491   99.000 30.6530 3.3600 20.3500 3.7300     0 1.12 
OBS: 57318.182 i S1  -12.033   11.004   99.000 30.9480 3.1200 27.6600 3.8700     0 0.93 
OBS: 57318.185 z S1  -27.153   15.173   99.000 30.6216 3.1768 23.7232 3.9705     0 1.02 
OBS: 57325.212 g S1   19.705   22.634   99.000 30.6260 1.9600 34.4700 3.8400     0 0.93 
OBS: 57325.214 r S1   -6.841   11.415   99.000 30.7050 1.8300 33.7300 3.8000     0 1.05 
OBS: 57325.216 i S1   18.423   10.014   99.000 30.9660 1.6900 39.7300 3.8900     0 0.93 
OBS: 57325.219 z S1    4.416   14.108   99.000 30.6480 1.7700 40.7600 3.9800     0 0.94 
OBS: 57327.120 g S1   -2.264    3.620   99.000 30.5950 2.2900 8.2800 3.6500     0 0.93 
OBS: 57327.122 r S1    4.263    4.768   99.000 30.6840 1.9400 12.4700 3.6900     0 1.10 
OBS: 57327.124 i S1    6.960    6.768   99.000 30.9530 1.9100 22.6300 3.8200     0 0.95 
OBS: 57327.127 z S1    6.975    8.549   99.000 30.6100 1.8950 22.1395 3.9850     0 0.95 
OBS: 57331.164 g S1  -12.095    3.870   99.000 30.6440 2.5400 8.0200 3.6300     0 1.06 
OBS: 57331.166 r S1   -2.841    4.887   99.000 30.7250 2.2800 12.5400 3.7000     0 1.02 
OBS: 57331.168 i S1   -1.300    7.240   99.000 30.9910 2.1900 24.1300 3.7800     0 0.82 
OBS: 57331.171 z S1  -13.267    9.110   99.000 30.6966 2.1272 23.2522 3.9642     0 1.01 
OBS: 57339.162 g S1   -2.793    4.459   99.000 30.6110 2.8600 8.0500 3.6700     0 0.99 
OBS: 57339.165 r S1    3.492    6.323   99.000 30.6900 2.5100 12.0700 3.6700     0 0.97 
OBS: 57339.167 i S1   13.285    7.899   99.000 30.9710 2.4700 21.6500 3.8400     0 0.97 
OBS: 57339.170 z S1   17.050    8.730   99.000 30.6800 2.2590 21.6125 3.9852     0 0.92 
OBS: 57345.240 g S1   35.384    5.417   99.000 30.5960 3.2200 8.1400 3.6800     0 1.00 
OBS: 57345.243 r S1   50.641    6.658   99.000 30.7020 3.0400 11.9100 3.6800     0 1.07 
OBS: 57345.245 i S1   53.426    9.162   99.000 30.9680 2.7500 22.2200 3.8100     0 0.93 
OBS: 57345.248 z S1   44.267   10.051   99.000 30.6486 2.3574 21.8351 3.9800     0 1.03 
OBS: 57355.223 g S1  243.420   15.694   99.000 30.5370 2.2200 25.6600 3.8300     0 0.98 
OBS: 57355.226 r S1  259.007    9.640   99.000 30.6640 1.9600 24.1500 3.7700     0 1.00 
OBS: 57355.228 i S1  231.702    8.444   99.000 30.9440 1.8600 31.2200 3.8400     0 0.99 
OBS: 57355.230 z S1  167.963    9.891   99.000 30.6103 1.9848 25.5796 4.0207     0 1.04 
OBS: 57365.121 g S1  213.366    4.258   99.000 30.6200 1.7700 7.9100 3.6400     0 1.07 
OBS: 57365.123 r S1  307.148    5.084   99.000 30.6990 1.5400 10.9900 3.6600     0 1.03 
OBS: 57365.125 i S1  313.978    5.410   99.000 30.9450 1.4800 17.4700 3.8000     0 0.87 
OBS: 57365.128 z S1  179.937    5.334   99.000 30.5695 1.4799 15.6935 4.0349     0 1.01 
OBS: 57372.113 g S1  170.577    4.909   99.000 30.6280 2.3800 8.5500 3.6700     0 1.04 
OBS: 57372.115 r S1  289.088    6.044   99.000 30.7020 2.0800 11.6200 3.6800     0 1.02 
OBS: 57372.118 i S1  276.655    7.074   99.000 30.9530 2.0500 21.0200 3.8500     0 1.10 
OBS: 57372.120 z S1  171.872    8.360   99.000 30.6260 1.8447 20.8551 4.0000     0 0.96 
OBS: 57385.078 g S1   57.238    3.232   99.000 30.6460 1.9200 7.5600 3.6100     0 0.99 
OBS: 57385.080 r S1  164.488    4.422   99.000 30.7240 1.7700 10.6000 3.6600     0 1.01 
OBS: 57385.082 i S1  166.495    5.337   99.000 30.9760 1.6300 19.6800 3.8000     0 1.01 
OBS: 57385.085 z S1  102.136    6.176   99.000 30.6552 1.5878 19.3010 4.0415     0 0.96 
OBS: 57394.042 g S1   34.374    6.319   99.000 30.5900 2.4800 12.0700 3.7800     0 0.90 
OBS: 57394.044 r S1  102.926    5.814   99.000 30.7140 2.2400 12.5900 3.7200     0 0.92 
OBS: 57394.046 i S1  145.422    7.466   99.000 30.9550 2.1600 22.5900 3.8300     0 0.97 
OBS: 57394.049 z S1  119.448    8.958   99.000 30.5725 2.0767 21.2238 4.0052     0 1.06 
OBS: 57401.061 g S1   14.595    3.875   99.000 30.6050 2.1500 9.2400 3.6800     0 0.96 
OBS: 57401.063 r S1   83.248    4.690   99.000 30.6900 1.9900 11.6500 3.6500     0 0.96 
OBS: 57401.065 i S1  121.697    5.889   99.000 30.9390 1.9100 19.4200 3.7500     0 0.87 
OBS: 57401.067 z S1   94.900    6.462   99.000 30.5694 1.7586 17.4841 3.9800     0 0.92 
OBS: 57408.051 g S1  -16.254   21.203   99.000 30.5870 2.2200 36.1200 3.8500     0 1.06 
OBS: 57408.053 r S1   74.614   17.227   99.000 30.6440 2.2300 35.6000 3.8000     0 0.83 
OBS: 57408.055 i S1   92.333   15.473   99.000 30.9140 2.1800 41.3600 3.8900     0 0.96 
OBS: 57408.057 z S1   67.009   14.327   99.000 30.4970 2.0542 30.1011 3.9840     0 0.96 
