SURVEY:              DES 
SNID: 1277971 
IAUC: UNKNOWN
FILTERS:             griz 
FAKE:                0 
RA:    52.211922
DECL:   -28.250765
TYPE:                 1    #  OVERRIDE 
PEAKMJD:              57256.394531    #  OVERRIDE 
PSF_UNIT:            SIGMA-PIXELS 
REDSHIFT_HELIO: 0.2 +- 0.005 
REDSHIFT_CMB: 0.199526 +- 0.005 
VPEC: 7.1873 +- 250.0
PIXSIZE:             0.270 # arcsec 
MWEBV:       0.00750 
MWEBV_ERR:   0.00060 

HOSTGAL_OBJID:       4287 
HOSTGAL_PHOTOZ:      0.3149 +- 0.0787 
HOSTGAL_SPECZ:       -9.9900 +- -9.0000 
HOSTGAL_SNSEP:       0.46 
HOSTGAL_LOGMASS:      8.144 +- 0.02    #  OVERRIDE 
HOSTGAL_MAG:         24.70 24.22 23.94 23.80 
HOSTGAL_SB_FLUXCAL:  2.45 4.07 5.56 5.88 


# Appended from HEADER-override file. 
PRIVATE(DES_mjd_latest_ml):      57404.045000 
PRIVATE(DES_mjd_trigger):        57250.290000 

# ---------------------- 
NOBS: 96
NVAR: 12
VARLIST:  MJD BAND FIELD FLUXCAL FLUXCALERR SIM_MAGOBS ZPFLUX PSF SKYSIG GAIN PHOTFLAG PHOTPROB
OBS: 57249.401 g C3   77.431    2.668   99.000 30.8309 2.3229 5.3139 3.9104 65536 1.04 
OBS: 57249.412 r C3   63.606    1.955   99.000 31.7976 2.1133 12.2894 3.9879     0 0.99 
OBS: 57250.291 r C3   86.249    3.269   99.000 31.2336 2.4451 10.9613 4.0236     0 1.02 
OBS: 57250.305 i C3   78.210    5.319   99.000 30.7081 2.3967 12.2578 4.1129     0 1.01 
OBS: 57253.284 z C3  103.813    2.893   99.000 31.2221 2.3801 10.2648 3.9117     0 1.02 
OBS: 57255.334 g C3  181.663    3.630   99.000 30.4206 2.3969 4.4848 3.9741     0 1.05 
OBS: 57255.370 r C3  169.176    3.123   99.000 31.1884 2.1987 10.8673 3.9932     0 0.99 
OBS: 57257.281 i C3  189.849    2.686   99.000 31.5205 2.6212 10.4146 4.0001     0 0.98 
OBS: 57265.301 z C3  214.027    2.847   99.000 31.2238 1.9798 12.0754 3.9275     0 1.01 
OBS: 57265.348 r C3  237.174    5.025   99.000 31.8043 2.3334 25.4913 4.1100     0 0.95 
OBS: 57266.246 i C3  263.031    3.817   99.000 31.6007 2.2640 18.0680 4.1137     0 0.98 
OBS: 57268.254 g C3  107.869    9.336   99.000 30.7299 2.6036 16.2658 4.1772     0 1.00 
OBS: 57276.324 r C3  169.102    2.059   99.000 31.8157 3.0150 8.8315 3.9198     0 1.04 
OBS: 57277.322 z C3  217.235    2.135   99.000 31.2246 1.6477 10.7210 3.9164 32768 1.04 
OBS: 57277.369 i C3  210.005    1.988   99.000 31.6314 1.9258 10.9499 3.9977     0 0.97 
OBS: 57278.247 g C3   27.247    2.006   99.000 30.8012 2.1947 4.2858 3.8969     0 0.98 
OBS: 57283.275 r C3  111.441    1.887   99.000 31.8035 2.0390 11.4120 3.9597     0 1.03 
OBS: 57284.354 i C3  155.781    2.356   99.000 31.5605 2.0824 11.3352 4.0246 32768 0.95 
OBS: 57287.191 z C3  145.557    3.793   99.000 31.1718 3.1989 9.4849 3.9172     0 0.95 
OBS: 57287.254 g C3   13.781    2.892   99.000 30.8273 3.3937 4.4445 3.9225     0 0.96 
OBS: 57287.352 r C3   86.283    2.124   99.000 31.8159 3.2340 9.0779 3.9342     0 1.05 
OBS: 57288.296 r C3   82.069    2.584   99.000 31.8210 3.8188 9.0158 3.9373     0 0.98 
OBS: 57288.317 i C3  130.037    2.974   99.000 31.6201 3.1885 11.2275 3.9861     0 0.97 
OBS: 57291.205 r C3  110.654    7.344   99.000 31.6554 2.6041 29.2726 4.1100     0 0.99 
OBS: 57292.181 z C3  115.380    5.116   99.000 31.2073 3.2660 13.9881 3.8889     0 0.98 
OBS: 57292.227 i C3  104.830    5.228   99.000 31.6189 2.9518 20.2228 4.1137     0 0.98 
OBS: 57297.248 g C3  -21.351    8.686   99.000 30.8254 3.1451 13.1582 4.1445     0 1.05 
OBS: 57297.345 r C3   58.298    4.158   99.000 31.8022 2.8784 19.9528 4.0658     0 0.98 
OBS: 57297.364 i C3   94.126    3.422   99.000 31.6264 2.6148 16.1449 4.0812     0 1.01 
OBS: 57299.158 z C3   80.558    7.176   99.000 30.3100 2.3202 12.6450 3.9521     0 1.02 
OBS: 57302.241 g C3    8.912    1.804   99.000 30.8425 2.2288 3.9586 3.9131     0 1.00 
OBS: 57302.251 r C3   56.192    1.716   99.000 31.7948 2.4822 9.1759 3.9500     0 1.00 
OBS: 57302.267 i C3   78.959    2.332   99.000 31.6276 2.6245 10.3901 4.0010     0 1.02 
OBS: 57304.306 z C3   87.951    4.291   99.000 30.7715 2.5335 9.3364 3.9486     0 0.98 
OBS: 57311.208 g C3    9.148    1.833   99.000 30.8175 2.1327 4.0761 3.8934     0 0.97 
OBS: 57311.216 r C3   47.665    1.278   99.000 31.7930 1.9505 8.5388 3.9363     0 0.95 
OBS: 57311.233 i C3   66.922    1.425   99.000 31.6157 1.7835 8.6675 3.9537     0 0.98 
OBS: 57311.305 z C3   79.197    2.322   99.000 31.0770 1.6697 10.2125 3.9330 65536 1.00 
OBS: 57317.161 g C3    6.436    4.137   99.000 30.8022 2.2062 9.6762 4.1214     0 1.03 
OBS: 57317.190 r C3   41.633    2.091   99.000 31.7826 2.0166 14.3023 4.0140     0 1.02 
OBS: 57318.107 i C3   53.756    4.041   99.000 31.5872 2.8431 16.5644 4.0819     0 0.98 
OBS: 57318.129 z C3   77.131    3.509   99.000 31.1807 2.5609 12.7544 3.9201     0 1.01 
OBS: 57325.182 r C3   39.533    3.638   99.000 31.7824 1.7345 23.6097 4.1100     0 0.97 
OBS: 57327.086 g C3    6.665    2.447   99.000 30.7575 2.7161 4.3436 3.9644     0 1.01 
OBS: 57327.096 i C3   44.869    2.283   99.000 31.5966 2.1376 12.9660 4.0393     0 1.02 
OBS: 57327.134 z C3   59.610    2.362   99.000 31.1892 1.8607 11.0683 3.9224     0 1.02 
OBS: 57329.195 r C3   34.964    1.791   99.000 31.7925 2.6698 9.5856 3.9770     0 0.95 
OBS: 57331.191 g C3    7.452    1.871   99.000 30.8453 2.2360 4.0395 3.9066     0 0.94 
OBS: 57331.216 i C3   47.959    2.265   99.000 31.6279 2.5519 11.0659 3.9839     0 1.00 
OBS: 57331.242 z C3   51.080    2.580   99.000 31.2377 2.0850 10.8865 3.9150     0 1.00 
OBS: 57339.132 r C3   30.361    1.874   99.000 31.7801 2.7108 9.7012 3.9531     0 1.07 
OBS: 57339.202 g C3    8.256    2.067   99.000 30.8347 2.4497 4.1453 3.8934     0 0.99 
OBS: 57339.210 i C3   35.259    1.977   99.000 31.6077 2.0815 11.2017 3.9818     0 0.95 
OBS: 57339.234 z C3   49.342    3.369   99.000 31.2263 2.6711 11.5376 3.9122     0 1.03 
OBS: 57345.255 g C3    8.721    2.142   99.000 30.8292 2.5888 4.1800 3.8800     0 1.00 
OBS: 57345.263 r C3   26.741    1.578   99.000 31.7952 2.3746 9.2655 3.9542     0 1.01 
OBS: 57345.286 i C3   33.825    2.482   99.000 31.6156 2.6399 11.3555 3.9699     0 1.00 
OBS: 57346.050 z C3   43.546    2.373   99.000 31.1940 1.7015 12.2716 3.9249 65536 0.98 
OBS: 57349.229 i C3   52.053    8.450   99.000 31.6170 2.2100 43.2200 4.1100 65536 0.89 
OBS: 57355.251 z C3   36.588    2.566   99.000 31.2016 1.8390 12.3848 3.9330     0 0.97 
OBS: 57356.079 r C3   22.539    1.098   99.000 31.7770 1.6734 8.5883 3.9400     0 0.88 
OBS: 57356.135 g C3    5.173    2.204   99.000 30.8203 1.6996 7.2520 4.1100     0 1.05 
OBS: 57356.144 i C3   32.527    1.741   99.000 31.6189 1.5187 13.6222 4.0441     0 1.02 
OBS: 57365.135 z C3   31.103    1.477   99.000 31.1483 1.3899 8.6431 3.9507     0 0.98 
OBS: 57365.196 g C3    4.595    1.216   99.000 30.8103 1.4486 3.9316 3.9043     0 1.02 
OBS: 57365.205 r C3   20.724    0.928   99.000 31.7800 1.3653 8.4367 3.9477     0 0.97 
OBS: 57365.223 i C3   26.404    1.310   99.000 31.5907 1.3449 9.9243 3.9916 32768 1.03 
OBS: 57372.127 g C3    3.688    1.592   99.000 30.8327 1.9438 4.0740 3.8900     0 0.91 
OBS: 57372.136 r C3   19.079    1.528   99.000 31.6891 2.0839 9.2670 3.9661     0 0.95 
OBS: 57372.153 i C3   22.611    2.201   99.000 31.5269 2.0155 12.0554 4.0450     0 0.97 
OBS: 57372.177 z C3   27.012    2.856   99.000 30.9178 1.4891 12.1792 3.9398 32768 1.02 
OBS: 57376.172 g C3   -0.607    6.780   99.000 30.8376 3.1822 11.6625 4.1800     0 0.95 
OBS: 57378.042 r C3   19.354    7.500   99.000 31.7900 1.9700 41.5000 4.1100 65536 0.92 
OBS: 57378.141 z C3   31.779    2.734   99.000 31.2075 1.6444 14.1126 3.8870     0 0.90 
OBS: 57385.162 g C3    0.425    3.201   99.000 30.8063 1.5628 11.4115 4.1864     0 1.03 
OBS: 57385.171 r C3   15.440    1.937   99.000 31.7839 1.5944 16.9764 4.0581     0 0.90 
OBS: 57387.108 i C3   19.693    1.457   99.000 31.5992 1.5658 10.2282 4.0104     0 0.99 
OBS: 57387.129 z C3   30.412    2.138   99.000 31.1506 1.5146 11.6634 3.9251     0 1.02 
OBS: 57389.140 g C3    3.167    2.419   99.000 30.8434 2.8671 4.4355 3.9568     0 0.99 
OBS: 57389.163 r C3   12.886    1.699   99.000 31.7974 2.3856 9.9512 3.9600     0 0.93 
OBS: 57391.171 i C3   19.161    4.744   99.000 30.8791 2.0192 14.7546 4.0736 98304 0.97 
OBS: 57394.095 z C3   27.970    3.575   99.000 31.1536 2.3350 12.0862 3.9180     0 1.00 
OBS: 57394.171 g C3    5.987    2.446   99.000 30.7951 2.9641 4.1376 3.8807     0 1.05 
OBS: 57395.159 r C3   11.058    2.599   99.000 31.7869 3.8290 9.2680 3.9500     0 0.97 
OBS: 57397.091 i C3   14.476    2.068   99.000 31.5890 2.0414 11.9489 4.0168     0 0.97 
OBS: 57399.176 g C3    1.395    2.483   99.000 30.7838 2.8680 4.2895 3.9031     0 0.91 
OBS: 57401.075 z C3   21.581    1.604   99.000 31.1486 1.5037 8.8867 3.9397     0 0.99 
OBS: 57402.110 r C3   11.855    1.150   99.000 31.7785 1.5972 10.2040 3.9644     0 0.95 
OBS: 57404.045 i C3   14.383    1.973   99.000 31.6243 1.7303 14.0589 4.0459     0 0.99 
OBS: 57406.045 g C3    6.051    4.767   99.000 30.8213 1.9993 12.7512 4.1763     0 0.97 
OBS: 57406.115 z C3   15.227    2.966   99.000 31.1870 1.8911 13.7239 3.9204     0 1.01 
OBS: 57408.092 r C3   10.794    4.446   99.000 31.7467 1.8780 26.4175 4.1063     0 0.95 
OBS: 57425.071 i C3    7.448    5.710   99.000 31.5810 2.5200 27.6100 4.0700 65536 0.98 
OBS: 57425.110 g C3   -4.448    2.494   99.000 30.7441 2.5628 4.6032 3.9864     0 1.02 
OBS: 57426.069 z C3   12.683    3.177   99.000 31.0915 2.4422 10.2711 3.9178     0 0.97 
OBS: 57426.118 r C3    8.666    2.103   99.000 31.7173 2.9422 10.3326 3.9592     0 1.04 
