SURVEY:              DES 
SNID: 1330903 
IAUC: UNKNOWN
FILTERS:             griz 
FAKE:                0 
RA:    41.116287
DECL:    -0.645018
TYPE:                 1    #  OVERRIDE 
PEAKMJD:              57303.824219    #  OVERRIDE 
PSF_UNIT:            SIGMA-PIXELS 
REDSHIFT_HELIO: 0.56544 +- 0.0005 
REDSHIFT_CMB: 0.5642976 +- 0.0005 
VPEC: -13.758022 +- 250.0
PIXSIZE:             0.270 # arcsec 
MWEBV:       0.03300 
MWEBV_ERR:   0.00120 

HOSTGAL_OBJID:       39339 
HOSTGAL_PHOTOZ:      0.6032 +- 0.0334 
HOSTGAL_SPECZ:       0.5654 +- -9.0000 
HOSTGAL_SNSEP:       1.90 
HOSTGAL_LOGMASS:      10.328 +- 0.172    #  OVERRIDE 
HOSTGAL_MAG:         24.30 22.66 21.82 21.46 
HOSTGAL_SB_FLUXCAL:  0.85 3.71 4.62 9.86 


# Appended from HEADER-override file. 
PRIVATE(DES_mjd_latest_ml):      57365.115000 
PRIVATE(DES_mjd_trigger):        57303.171000 

# ---------------------- 
NOBS: 99
NVAR: 12
VARLIST:  MJD BAND FIELD FLUXCAL FLUXCALERR SIM_MAGOBS ZPFLUX PSF SKYSIG GAIN PHOTFLAG PHOTPROB
OBS: 57248.388 g S2  -10.950    6.790   99.000 30.5420 4.1800 7.6800 3.9300     0 0.99 
OBS: 57248.391 r S2   13.370    9.939   99.000 30.6380 4.0400 11.3200 3.8200     0 1.01 
OBS: 57248.393 i S2  -22.561   11.564   99.000 30.9100 3.8400 20.4300 4.0400     0 1.02 
OBS: 57248.396 z S2   -5.862   15.508   99.000 30.6281 3.7964 20.3948 4.0149     0 0.94 
OBS: 57252.303 g S2    0.485    4.769   99.000 30.6360 2.8500 7.8900 3.9700     0 0.94 
OBS: 57252.305 r S2   -6.150    7.619   99.000 30.7100 2.7900 12.6700 3.8400     0 0.94 
OBS: 57252.307 i S2   -1.206    8.214   99.000 30.9680 2.5400 23.5100 3.9700     0 0.99 
OBS: 57252.310 z S2   -4.191   11.628   99.000 30.6758 2.6384 23.7971 3.9900     0 0.98 
OBS: 57256.292 g S2   -4.997    7.393   99.000 30.6140 4.3400 7.8400 3.9400     0 1.02 
OBS: 57256.295 r S2   -5.713   10.336   99.000 30.7100 4.0200 11.9700 3.8000     0 1.01 
OBS: 57256.297 i S2    5.791    9.341   99.000 30.9650 3.2200 21.0700 4.0100     0 1.05 
OBS: 57256.300 z S2  -13.918   13.920   99.000 30.6524 3.6178 20.6189 3.9900     0 0.97 
OBS: 57265.288 r S2   -9.841   19.357   99.000 30.7250 2.6200 35.7900 3.9700     0 0.93 
OBS: 57265.291 i S2  -14.335   12.182   99.000 30.9560 2.3600 35.6900 4.0900     0 1.00 
OBS: 57265.293 z S2  -10.304   10.107   99.000 30.6525 2.2824 22.7739 3.9754     0 1.01 
OBS: 57276.312 r S2    1.046   11.912   99.000 30.0160 2.8000 11.2700 3.8700     0 0.94 
OBS: 57276.314 i S2    6.788    7.179   99.000 30.9410 2.8500 17.7500 3.9300     0 0.86 
OBS: 57276.317 z S2   -0.999   12.081   99.000 30.5991 3.4863 16.6552 3.9810     0 1.02 
OBS: 57277.307 g S2    6.821    4.967   99.000 30.7160 2.9300 7.9000 3.9400     0 0.95 
OBS: 57277.310 r S2   -1.524    6.138   99.000 30.7440 2.5200 11.4800 3.8800     0 1.03 
OBS: 57277.312 i S2    5.346    6.655   99.000 30.9750 2.4300 18.7800 3.9600     0 0.85 
OBS: 57277.315 z S2   -8.699    8.901   99.000 30.6663 2.5350 18.3247 4.0590     0 1.02 
OBS: 57284.324 g S2    1.098    6.049   99.000 30.6930 3.7000 7.6900 3.9100     0 0.94 
OBS: 57284.326 r S2   -1.853    9.077   99.000 30.7070 3.4200 12.7000 3.8300     0 0.88 
OBS: 57284.328 i S2    6.895    8.910   99.000 30.9650 3.3300 18.5100 3.9400     0 0.99 
OBS: 57284.331 z S2   10.469   12.072   99.000 30.5504 3.1339 17.7271 3.9851     0 0.88 
OBS: 57288.199 r S2   15.029   16.564   99.000 30.6590 4.1100 18.1800 3.8800     0 0.99 
OBS: 57288.201 i S2   22.139   13.538   99.000 30.9140 4.0000 21.8200 4.0100     0 1.11 
OBS: 57288.203 z S2   14.286   13.425   99.000 30.6039 3.6517 17.8671 3.9806     0 1.05 
OBS: 57291.222 g S2    4.304   22.753   99.000 30.5390 2.9100 33.1200 4.1500     0 0.94 
OBS: 57291.224 r S2   38.261   18.780   99.000 30.7030 2.7000 30.9600 3.9700     0 0.94 
OBS: 57291.226 i S2   39.363   13.369   99.000 30.9590 2.7300 33.2100 4.0500     0 0.95 
OBS: 57291.229 z S2   21.691   11.535   99.000 30.6521 2.6709 22.1890 3.9999     0 1.03 
OBS: 57299.218 g S2   38.808   12.461   99.000 29.9900 2.5100 13.2700 4.1100     0 0.87 
OBS: 57299.220 r S2   69.898   15.219   99.000 29.9490 2.1700 19.1100 3.9300     0 0.86 
OBS: 57299.222 i S2   86.005   24.075   99.000 30.1660 2.2600 30.7900 4.1000     0 0.87 
OBS: 57299.227 z S2   21.382   33.303   99.000 29.8960 2.3500 36.5500 4.0700 32768 0.96 
OBS: 57303.166 g S2   11.216    9.171   99.000 30.3190 4.3400 9.2000 3.9400     0 0.90 
OBS: 57303.169 r S2   69.361   10.619   99.000 30.6410 4.1300 11.5400 3.8400     0 0.90 
OBS: 57303.171 i S2   85.667   10.201   99.000 30.9210 3.6400 20.4100 4.0500     0 1.01 
OBS: 57303.173 z S2   44.233   15.031   99.000 30.6431 3.7686 20.4057 4.0123     0 1.06 
OBS: 57304.205 g S2   20.238    5.340   99.000 30.6760 3.3900 7.3700 3.9100     0 0.89 
OBS: 57304.208 r S2   73.160    6.900   99.000 30.7180 2.9100 11.0900 3.8300     0 0.97 
OBS: 57304.210 i S2   74.887    8.623   99.000 30.9790 2.9500 18.9200 3.9900     0 0.98 
OBS: 57304.212 z S2   55.568   14.035   99.000 30.6710 2.9600 25.6400 3.9800     0 0.99 
OBS: 57311.294 g S2   10.056    4.001   99.000 30.6530 2.3400 8.0200 3.9500     0 0.99 
OBS: 57311.296 r S2   58.077    5.925   99.000 30.7090 2.1700 12.1900 3.8200     0 0.94 
OBS: 57311.298 i S2   70.364    5.269   99.000 30.9650 1.9100 17.6900 3.9600     0 1.08 
OBS: 57311.300 z S2   58.256    6.734   99.000 30.6620 1.9850 17.1643 3.9950     0 1.03 
OBS: 57315.206 g S2    5.081    5.941   99.000 30.4670 3.1700 7.9200 3.9400     0 1.13 
OBS: 57315.208 r S2   64.301    8.734   99.000 30.4590 2.9400 12.2800 3.8400     0 1.06 
OBS: 57315.210 i S2   61.954    9.699   99.000 30.8020 2.7000 20.8300 4.0500     0 1.02 
OBS: 57315.213 z S2   62.807   12.784   99.000 30.5869 3.0618 20.2936 4.0248     0 1.02 
OBS: 57319.134 r S2   42.157   13.297   99.000 30.7020 2.5000 26.6500 3.9000     0 1.13 
OBS: 57319.137 i S2   46.741   12.918   99.000 30.9380 2.7500 32.0700 4.0600     0 1.03 
OBS: 57319.139 z S2   49.369   13.099   99.000 30.6255 2.6286 25.5874 4.0402     0 1.04 
OBS: 57325.106 g S2   49.454   29.525   99.000 30.5950 2.5200 33.0600 4.1600     0 0.96 
OBS: 57325.113 z S2   73.957   21.742   99.000 30.6320 2.0338 35.0513 3.8648     0 1.07 
OBS: 57329.169 g S2    1.333    3.619   99.000 30.6570 2.2000 7.5800 3.8900     0 1.12 
OBS: 57329.171 r S2   25.053    6.459   99.000 30.7080 2.4200 12.0100 3.8100     0 0.91 
OBS: 57329.173 i S2   45.824    7.590   99.000 30.9490 2.2300 21.6000 4.0100     0 0.99 
OBS: 57329.175 z S2   26.580   10.182   99.000 30.6269 2.3570 21.3003 4.0204     0 0.97 
OBS: 57339.117 g S2   -0.006    4.978   99.000 30.6500 3.1100 7.7100 3.9100     0 0.89 
OBS: 57339.120 r S2   15.046    8.190   99.000 30.7000 3.3100 11.7800 3.8100     0 0.96 
OBS: 57339.122 i S2   19.030    9.581   99.000 30.9460 2.9100 20.6800 4.0500     0 0.91 
OBS: 57339.124 z S2   40.246   10.874   99.000 30.6764 2.7423 20.5785 4.0055     0 0.93 
OBS: 57345.227 g S2   -1.903    4.304   99.000 30.6580 2.7800 7.8800 3.9100     0 0.86 
OBS: 57345.229 r S2   13.132    7.211   99.000 30.7000 2.8300 11.4300 3.8300     0 0.96 
OBS: 57345.231 i S2   36.808    9.476   99.000 30.9530 3.1600 20.8000 4.0300     0 1.01 
OBS: 57345.234 z S2   -0.343   13.300   99.000 30.6510 3.1956 21.5977 4.0050     0 1.00 
OBS: 57355.210 g S2    0.816   11.175   99.000 30.5710 2.0300 23.9400 4.1300     0 1.02 
OBS: 57355.212 r S2   14.209    8.726   99.000 30.6760 1.8600 22.8100 3.9500     0 0.88 
OBS: 57355.214 i S2   18.621    7.849   99.000 30.9360 1.7600 29.8400 4.0500     0 1.01 
OBS: 57355.217 z S2   21.090    7.925   99.000 30.6152 1.6938 24.7227 4.0200     0 1.01 
OBS: 57365.107 g S2    0.704    2.732   99.000 30.6550 1.7500 7.5400 3.8900     0 1.05 
OBS: 57365.110 r S2    2.457    4.056   99.000 30.7030 1.5500 10.7400 3.7700     0 0.98 
OBS: 57365.112 i S2   -1.518    4.092   99.000 30.9400 1.5000 18.3800 3.9700     0 0.97 
OBS: 57365.114 z S2   22.653    4.932   99.000 30.5770 1.4450 15.7973 4.0449     0 0.87 
OBS: 57372.100 g S2    6.717    4.372   99.000 30.6680 2.6500 8.5500 4.0300     0 1.08 
OBS: 57372.102 r S2   -2.645    5.988   99.000 30.7090 2.3500 11.4000 3.8600     0 0.96 
OBS: 57372.104 i S2    9.026    6.239   99.000 30.9460 2.0900 19.4500 3.9900     0 1.07 
OBS: 57372.107 z S2   21.515    7.741   99.000 30.6255 1.9994 19.0668 4.0750     0 0.96 
OBS: 57385.064 g S2   -3.070    3.244   99.000 30.6890 2.2700 7.2900 3.8600     0 0.89 
OBS: 57385.067 r S2    6.120    4.394   99.000 30.7360 1.8800 10.2300 3.7700     0 1.02 
OBS: 57385.069 i S2    4.538    5.206   99.000 30.9710 1.9000 18.9200 3.9800     0 0.93 
OBS: 57385.071 z S2   -1.706    6.152   99.000 30.6615 1.7053 18.7442 4.0240     0 1.03 
OBS: 57389.109 g S2   -3.518    3.742   99.000 30.6660 2.3800 7.9500 3.9400     0 0.99 
OBS: 57389.111 r S2    7.462    5.643   99.000 30.7240 2.2000 11.4300 3.8300     0 0.89 
OBS: 57389.113 i S2   18.172    8.012   99.000 30.9560 2.2900 21.9800 4.0200     0 1.01 
OBS: 57389.116 z S2   -0.028    9.098   99.000 30.6121 2.1184 21.5206 4.0200     0 0.90 
OBS: 57396.096 g S2   -5.300    4.082   99.000 30.6530 2.3500 8.1800 3.9700     0 0.90 
OBS: 57396.099 r S2   -3.145    5.742   99.000 30.7100 2.2000 12.1100 3.8300     0 0.91 
OBS: 57396.101 i S2    3.746    6.907   99.000 30.9440 2.0500 23.6900 4.0100     0 0.98 
OBS: 57396.103 z S2    9.008   10.422   99.000 30.5794 2.1165 23.5572 4.0100     0 0.96 
OBS: 57403.097 g S2  -16.593    9.058   99.000 30.6510 1.8400 16.2100 4.1400     0 1.05 
OBS: 57403.099 r S2   -6.370    9.460   99.000 30.7050 1.6500 19.4900 3.8500     0 0.92 
OBS: 57403.101 i S2    2.668    9.086   99.000 30.9470 1.5900 29.6300 4.0000     0 0.97 
OBS: 57403.103 z S2    6.568   10.065   99.000 30.6170 1.6549 27.7886 4.0149     0 0.99 
OBS: 57428.056 g S2    7.568    5.406   99.000 30.5750 2.6700 8.7300 4.0600     0 0.92 
