SURVEY:              DES 
SNID: 1306980 
IAUC: UNKNOWN
FILTERS:             griz 
FAKE:                0 
RA:     7.036068
DECL:   -43.291557
TYPE:                 1    #  OVERRIDE 
PEAKMJD:              57279.800781    #  OVERRIDE 
PSF_UNIT:            SIGMA-PIXELS 
REDSHIFT_HELIO: 0.55 +- 0.005 
REDSHIFT_CMB: 0.5488556 +- 0.005 
VPEC: 8.39698 +- 250.0
PIXSIZE:             0.270 # arcsec 
MWEBV:       0.00710 
MWEBV_ERR:   0.00050 

HOSTGAL_OBJID:       7844 
HOSTGAL_PHOTOZ:      0.4503 +- 0.0534 
HOSTGAL_SPECZ:       0.5479 +- -9.0000 
HOSTGAL_SNSEP:       0.71 
HOSTGAL_LOGMASS:      10.095 +- 0.017    #  OVERRIDE 
HOSTGAL_MAG:         23.37 22.18 21.72 21.45 
HOSTGAL_SB_FLUXCAL:  7.03 23.14 35.09 46.17 


# Appended from HEADER-override file. 
PRIVATE(DES_mjd_latest_ml):      57283.098000 
PRIVATE(DES_mjd_trigger):        57277.086000 

# ---------------------- 
NOBS: 112
NVAR: 12
VARLIST:  MJD BAND FIELD FLUXCAL FLUXCALERR SIM_MAGOBS ZPFLUX PSF SKYSIG GAIN PHOTFLAG PHOTPROB
OBS: 57248.403 g E1  -14.882    7.447   99.000 30.6450 4.1100 7.1600 3.6300     0 1.09 
OBS: 57248.406 r E1  -11.401    9.477   99.000 30.6970 3.9700 10.7400 3.7300     0 0.96 
OBS: 57248.408 i E1   -5.305   12.864   99.000 30.9430 3.7200 20.8100 3.9800     0 0.98 
OBS: 57248.411 z E1  -34.266   16.112   99.000 30.6301 3.7110 21.3997 3.9400     0 0.99 
OBS: 57252.229 g E1   -6.391    4.221   99.000 30.7160 2.8300 7.1900 3.6100     0 0.95 
OBS: 57252.231 r E1    0.941    5.539   99.000 30.7320 2.3900 10.8000 3.7300     0 0.94 
OBS: 57252.233 i E1    3.039    7.938   99.000 30.9850 2.5400 20.1100 3.9300     0 0.93 
OBS: 57252.236 z E1   -3.304    8.661   99.000 30.6795 2.2793 20.9706 3.9551     0 0.93 
OBS: 57256.209 g E1    2.964    6.939   99.000 30.7070 4.4000 7.3900 3.6300     0 1.00 
OBS: 57256.211 r E1   -3.342    8.528   99.000 30.7500 3.9000 10.7600 3.7200     0 1.06 
OBS: 57256.213 i E1  -18.266   12.968   99.000 30.9970 4.1700 19.6900 3.8900     0 0.92 
OBS: 57256.216 z E1    2.459   14.578   99.000 30.6760 3.9094 19.8838 3.9658     0 1.01 
OBS: 57257.212 g E1   -6.847    5.706   99.000 30.6490 2.6900 9.7100 3.7600     0 1.02 
OBS: 57257.214 r E1   -2.727    7.329   99.000 30.6060 2.5700 12.3800 3.7800     0 1.03 
OBS: 57257.216 i E1    1.296    7.289   99.000 30.8210 2.3600 19.2100 3.9200     0 0.88 
OBS: 57257.218 z E1    6.931    9.166   99.000 30.5039 2.3554 16.6264 3.9709     0 1.01 
OBS: 57265.209 g E1  -47.103   25.775   99.000 30.7140 2.3700 37.2000 3.8800     0 0.96 
OBS: 57265.212 r E1    1.575   17.553   99.000 30.7530 2.4500 32.3900 3.8800     0 0.94 
OBS: 57265.214 i E1    2.619    9.910   99.000 30.9890 2.2100 33.3900 3.9900     0 1.16 
OBS: 57265.217 z E1   27.890    8.908   99.000 30.6600 2.1765 21.1743 3.9547     0 0.93 
OBS: 57273.093 g E1   25.141    7.190   99.000 30.5570 4.0600 7.1700 3.6200     0 1.02 
OBS: 57273.096 r E1   70.676    8.738   99.000 30.6750 3.2600 11.7600 3.7500     0 0.95 
OBS: 57273.098 i E1   41.506   13.243   99.000 30.9400 3.3100 23.8500 3.9300     0 1.02 
OBS: 57273.100 z E1   42.124   17.439   99.000 30.5894 3.4182 23.3260 3.9680     0 0.84 
OBS: 57277.084 g E1   13.175    5.830   99.000 30.6450 3.4400 7.2000 3.6000     0 1.01 
OBS: 57277.086 r E1   66.928    6.798   99.000 30.7090 2.9000 10.6100 3.7500     0 1.06 
OBS: 57277.088 i E1   67.940    9.242   99.000 30.9540 2.8000 19.5900 3.9200     0 1.06 
OBS: 57277.091 z E1   83.598   10.328   99.000 30.6159 2.8482 18.5228 3.9807     0 0.96 
OBS: 57283.096 i E1   61.145   12.750   99.000 30.3210 2.0500 22.0700 3.9900     0 1.04 
OBS: 57283.099 z E1  105.036   19.691   99.000 29.7469 1.9593 22.2734 4.0105     0 0.99 
OBS: 57287.058 r E1   57.184   17.318   99.000 30.6690 4.5300 17.0500 3.8200     0 1.05 
OBS: 57287.063 z E1   71.222   17.776   99.000 30.5874 3.8109 21.5732 3.9558     0 1.05 
OBS: 57288.055 r E1   94.749   17.743   99.000 30.6950 4.2100 21.1100 3.8900     0 1.07 
OBS: 57288.057 i E1   78.412   18.733   99.000 30.9350 4.4800 27.1300 3.9900     0 1.10 
OBS: 57288.059 z E1   77.848   21.711   99.000 30.6055 4.4616 22.1704 3.9546     0 1.10 
OBS: 57290.049 g E1  -72.039   39.040   99.000 30.6070 4.1000 32.7400 3.8800     0 0.95 
OBS: 57290.049 r E1   66.511   18.228   99.000 30.6490 3.7600 31.0600 3.8600 65536 0.98 
OBS: 57290.056 z E1   67.615   17.924   99.000 30.6768 3.5627 25.9003 3.9607     0 1.03 
OBS: 57297.030 g E1    1.705    6.305   99.000 30.6200 3.7600 7.7600 3.6800     0 1.13 
OBS: 57297.032 r E1   38.959   10.970   99.000 30.6540 3.8100 13.5000 3.8100     0 1.01 
OBS: 57297.034 i E1   46.002   16.158   99.000 30.9670 3.6200 26.9200 4.0000     0 0.97 
OBS: 57297.036 z E1   21.012   19.793   99.000 30.6312 3.5731 27.2520 3.9700     0 1.03 
OBS: 57301.035 r E1   45.503   17.115   99.000 29.8180 2.9000 13.5100 3.8400     0 1.06 
OBS: 57301.037 i E1   79.394   27.114   99.000 29.6320 2.6500 22.6000 4.0300     0 1.08 
OBS: 57301.040 z E1   43.230   13.784   99.000 30.2888 2.4400 21.7698 3.9951     0 0.98 
OBS: 57305.051 g E1    6.201    6.130   99.000 30.5990 3.5200 7.3200 3.6400     0 0.92 
OBS: 57305.053 r E1   20.220    9.054   99.000 30.6560 3.5400 11.7000 3.7600     0 1.03 
OBS: 57305.055 i E1   46.520   11.184   99.000 30.9290 3.3000 22.0600 3.9600     0 1.01 
OBS: 57305.057 z E1   45.992   15.885   99.000 30.4730 3.0981 21.5371 3.9700     0 0.97 
OBS: 57311.007 g E1    1.756    5.451   99.000 30.6250 2.9700 8.3900 3.6700     0 1.08 
OBS: 57311.009 r E1   19.536    7.017   99.000 30.6790 2.6500 13.0600 3.8000     0 0.93 
OBS: 57311.011 i E1   21.099   10.384   99.000 30.9430 2.6700 22.5600 3.9500     0 0.94 
OBS: 57311.014 z E1   14.976   11.845   99.000 30.6054 2.5836 23.1187 3.9500     0 1.02 
OBS: 57315.150 g E1  -20.432    7.952   99.000 30.6610 3.4300 11.0500 3.7400     0 0.98 
OBS: 57315.152 r E1   34.975    9.278   99.000 30.7170 3.4000 13.3800 3.7900     0 0.97 
OBS: 57315.154 i E1   10.544   10.192   99.000 30.9720 3.0000 22.4600 3.9300     0 1.06 
OBS: 57315.157 z E1   32.654   13.103   99.000 30.6230 3.0251 21.4606 3.9600     0 0.88 
OBS: 57316.006 g E1   -9.912   12.870   99.000 30.6160 3.2900 17.2900 3.8300     0 0.96 
OBS: 57316.008 r E1   39.787   12.244   99.000 30.6830 2.9000 19.1100 3.8000     0 0.94 
OBS: 57316.010 i E1   12.198   11.970   99.000 30.9480 2.8000 28.5500 3.9800     0 0.94 
OBS: 57316.012 z E1   13.356   14.234   99.000 30.5852 2.8471 25.3928 3.9605     0 1.01 
OBS: 57325.023 g E1    2.425    4.129   99.000 30.6910 2.4400 7.8600 3.6400     0 1.03 
OBS: 57325.025 r E1   13.975    5.614   99.000 30.7210 2.0800 12.4800 3.7700     0 0.99 
OBS: 57325.027 i E1   15.768    6.685   99.000 30.9750 1.9800 22.7800 3.9600     0 0.91 
OBS: 57325.030 z E1   20.769    9.572   99.000 30.6606 2.1943 23.1216 3.9600     0 1.01 
OBS: 57329.015 g E1    4.362    4.874   99.000 30.6610 2.8800 8.1000 3.6700     0 1.02 
OBS: 57329.017 r E1   -3.206    7.228   99.000 30.7250 2.9600 12.1700 3.7800     0 0.95 
OBS: 57329.019 i E1    5.860    8.316   99.000 30.9650 2.2700 23.6400 3.9500     0 0.90 
OBS: 57329.022 z E1   18.119   11.171   99.000 30.6235 2.3991 24.0249 3.9600     0 1.06 
OBS: 57334.188 g E1   -4.154    3.900   99.000 30.6660 2.1100 8.0300 3.6700     0 0.97 
OBS: 57334.190 r E1    4.391    5.084   99.000 30.7300 2.0000 10.8900 3.7500     0 0.95 
OBS: 57334.192 i E1   10.316    5.247   99.000 30.9730 1.8000 17.6800 3.9100     0 0.91 
OBS: 57334.195 z E1   21.250    5.777   99.000 30.6399 1.6802 17.5198 3.9517     0 0.95 
OBS: 57339.019 g E1    1.579    6.243   99.000 30.6560 3.2000 9.0600 3.7200     0 1.10 
OBS: 57339.021 r E1  -13.290    7.587   99.000 30.7160 3.0100 11.9600 3.7500     0 1.04 
OBS: 57339.023 i E1   -2.632    9.702   99.000 30.9650 2.8300 21.6100 3.9400     0 0.91 
OBS: 57339.025 z E1   -8.961   11.040   99.000 30.6739 2.7279 21.9698 3.9552     0 0.99 
OBS: 57344.036 r E1   11.527    8.552   99.000 30.4090 1.4800 18.6100 3.8000     0 0.89 
OBS: 57344.038 i E1   20.223    5.914   99.000 30.9260 1.5300 24.3000 3.9500     0 1.10 
OBS: 57344.041 z E1    8.091    6.955   99.000 30.5955 1.4301 23.7792 3.9606     0 1.01 
OBS: 57355.142 g E1   12.442    9.938   99.000 30.6570 2.0800 20.5500 3.8300     0 0.99 
OBS: 57355.144 r E1    6.810    8.688   99.000 30.6920 1.9800 19.7400 3.8200     0 0.96 
OBS: 57355.146 i E1   -3.793    7.180   99.000 30.9590 1.6800 26.9500 4.0300     0 0.81 
OBS: 57355.149 z E1   16.096    7.521   99.000 30.6317 1.5186 24.4866 3.9493     0 0.94 
OBS: 57365.036 g E1   -1.160    4.805   99.000 30.7000 2.3100 9.5100 3.7000     0 1.03 
OBS: 57365.039 r E1    7.575    5.626   99.000 30.6920 2.1500 11.3200 3.7600     0 1.10 
OBS: 57365.041 i E1   14.127    6.075   99.000 30.8700 1.8300 19.1500 3.9300     0 1.01 
OBS: 57365.044 z E1   19.663    6.305   99.000 30.5389 1.6537 17.4796 3.9700     0 0.98 
OBS: 57372.036 i E1   -3.989    7.190   99.000 30.8290 1.7700 24.4400 3.9500     0 0.96 
OBS: 57372.039 z E1   11.041    6.765   99.000 30.5940 1.6339 19.8305 3.9915     0 0.93 
OBS: 57376.040 g E1   -3.730   20.779   99.000 30.6920 4.1500 22.4100 3.8700     0 0.97 
OBS: 57376.042 r E1    3.826   17.181   99.000 30.6960 3.5200 22.1200 3.8700     0 0.93 
OBS: 57376.044 i E1    2.038   16.922   99.000 30.9660 3.7200 28.8900 3.9800     0 0.91 
OBS: 57376.047 z E1   21.719   16.164   99.000 30.6245 3.5700 23.4865 3.9450     0 0.92 
OBS: 57379.044 g E1  -14.405   14.196   99.000 30.6990 2.3900 27.6400 3.8800     0 1.03 
OBS: 57379.046 r E1   -7.012   10.979   99.000 30.7370 2.1700 25.0900 3.8400     0 1.05 
OBS: 57379.048 i E1   10.183    9.575   99.000 30.9770 1.9800 32.0700 4.0100     0 1.03 
OBS: 57379.051 z E1   -3.956    9.128   99.000 30.6324 1.8627 26.5094 3.9700     0 0.93 
OBS: 57386.042 g E1   -1.908    6.300   99.000 30.6870 2.1500 12.7400 3.8000     0 1.02 
OBS: 57386.044 r E1   -3.493    5.902   99.000 30.7230 1.9600 14.6200 3.8000     0 0.93 
OBS: 57386.046 i E1    0.545    7.702   99.000 30.9640 1.8700 26.6500 4.0100     0 0.80 
OBS: 57386.049 z E1   -0.757    9.220   99.000 30.6089 1.8535 25.3107 3.9702     0 0.92 
OBS: 57394.057 g E1    6.283    4.784   99.000 30.6590 2.6800 8.1800 3.6600     0 0.96 
OBS: 57394.059 r E1   12.625    6.482   99.000 30.7150 2.4800 11.5600 3.7800     0 1.00 
OBS: 57394.061 i E1   -5.886    8.261   99.000 30.9470 2.4000 21.4800 3.9800     0 0.96 
OBS: 57394.064 z E1    0.646    8.925   99.000 30.5508 2.0341 20.8314 3.9645     0 0.97 
OBS: 57400.103 r E1   -6.764   10.566   99.000 30.5730 3.0900 13.0300 3.8000     0 1.08 
OBS: 57400.105 i E1    8.497   11.562   99.000 30.8010 2.8500 22.0100 3.9600     0 0.96 
OBS: 57400.108 z E1  -11.134   13.256   99.000 30.4824 2.5836 22.3869 3.9500     0 0.99 
OBS: 57407.044 r E1   -9.700   11.444   99.000 30.6870 2.0700 25.4800 3.8500     0 0.92 
OBS: 57407.046 i E1  -16.878    9.845   99.000 30.9170 1.9500 30.2400 3.9900     0 0.89 
OBS: 57407.048 z E1    4.649    8.683   99.000 30.5261 1.7758 22.3783 3.9600     0 0.92 
