SURVEY:              DES 
SNID: 1302523 
IAUC: UNKNOWN
FILTERS:             griz 
FAKE:                0 
RA:    36.317585
DECL:    -4.659808
TYPE:                 1    #  OVERRIDE 
PEAKMJD:              57286.574219    #  OVERRIDE 
PSF_UNIT:            SIGMA-PIXELS 
REDSHIFT_HELIO: 0.42505 +- 0.0005 
REDSHIFT_CMB: 0.4239155 +- 0.0005 
VPEC: -15.509308 +- 250.0
PIXSIZE:             0.270 # arcsec 
MWEBV:       0.02580 
MWEBV_ERR:   0.00100 

HOSTGAL_OBJID:       20187 
HOSTGAL_PHOTOZ:      0.3852 +- 0.0754 
HOSTGAL_SPECZ:       0.4250 +- -9.0000 
HOSTGAL_SNSEP:       0.79 
HOSTGAL_LOGMASS:      10.498 +- 0.0245    #  OVERRIDE 
HOSTGAL_MAG:         23.39 22.06 21.55 21.19 
HOSTGAL_SB_FLUXCAL:  8.30 28.65 46.35 67.08 


# Appended from HEADER-override file. 
PRIVATE(DES_mjd_latest_ml):      57355.186000 
PRIVATE(DES_mjd_trigger):        57278.217000 

# ---------------------- 
NOBS: 85
NVAR: 12
VARLIST:  MJD BAND FIELD FLUXCAL FLUXCALERR SIM_MAGOBS ZPFLUX PSF SKYSIG GAIN PHOTFLAG PHOTPROB
OBS: 57249.293 g X3   -0.236    2.688   99.000 30.7808 2.7540 4.9902 3.7330     0 1.01 
OBS: 57249.301 r X3   -1.812    2.340   99.000 31.7592 2.7535 11.0152 3.8681     0 1.03 
OBS: 57249.318 i X3   -1.236    2.645   99.000 31.5942 2.4839 11.9675 4.0448     0 1.01 
OBS: 57249.341 z X3   -2.650    2.951   99.000 31.1927 2.2024 11.2993 4.0491     0 0.99 
OBS: 57253.343 g X3   -3.021    2.427   99.000 30.8485 2.5326 4.9151 3.7200     0 1.06 
OBS: 57253.352 r X3    2.099    1.958   99.000 31.7869 2.4564 10.9656 3.8693     0 0.97 
OBS: 57253.372 i X3   -3.060    2.576   99.000 31.6131 2.3077 12.5781 4.0449     0 0.97 
OBS: 57255.289 z X3   -5.284    4.113   99.000 30.8499 2.3896 10.3240 4.0406     0 1.00 
OBS: 57257.323 g X3   -1.460    2.332   99.000 30.8368 2.5210 4.8670 3.7066     0 1.05 
OBS: 57257.334 r X3    1.360    2.326   99.000 31.7811 2.4556 12.9148 3.8542 32768 1.08 
OBS: 57257.353 i X3   -1.278    2.077   99.000 31.5970 1.9424 11.6665 3.9890     0 0.94 
OBS: 57265.240 z X3    0.211    4.070   99.000 31.1997 2.6251 12.9856 4.0129     0 0.96 
OBS: 57265.391 i X3    0.458    4.262   99.000 31.6074 2.1329 22.0450 4.1400     0 0.97 
OBS: 57273.342 i X3   46.065    2.593   99.000 31.6180 2.7116 10.3555 3.9667     0 1.02 
OBS: 57273.364 z X3   45.975    2.776   99.000 31.2172 2.5257 9.4563 4.0166     0 1.01 
OBS: 57278.217 r X3   96.466    2.078   99.000 31.7661 2.4193 10.6961 3.8559     0 1.04 
OBS: 57278.258 g X3   44.736    2.305   99.000 30.8370 2.2547 4.8093 3.6836     0 0.98 
OBS: 57283.189 i X3  118.799    2.542   99.000 31.6092 2.4287 11.3004 3.9806     0 1.02 
OBS: 57283.214 z X3  100.195    2.231   99.000 31.2587 2.0123 9.6246 4.0270     0 0.99 
OBS: 57287.180 g X3    7.042    8.518   99.000 30.8068 4.2590 9.6717 4.0629     0 0.92 
OBS: 57287.238 r X3  136.638    2.777   99.000 31.7776 3.1054 11.6533 3.9022     0 1.03 
OBS: 57287.263 i X3  122.045    3.266   99.000 31.6109 3.3822 10.3554 3.9696     0 0.98 
OBS: 57287.290 z X3  101.940    3.424   99.000 31.1880 2.9472 9.2586 4.0232     0 0.99 
OBS: 57291.170 i X3  138.015    6.062   99.000 31.5801 2.6254 24.7646 4.1452 98304 0.95 
OBS: 57291.236 r X3  127.917    6.109   99.000 31.7830 2.5269 28.5012 4.0400     0 0.98 
OBS: 57291.252 z X3  103.949    3.000   99.000 31.2164 2.0419 12.4606 4.0359     0 1.00 
OBS: 57297.258 r X3  120.325    4.971   99.000 31.7866 2.8108 23.7962 4.0400     0 1.00 
OBS: 57297.274 i X3  124.893    4.230   99.000 31.6226 2.6380 18.0638 4.1404     0 1.06 
OBS: 57297.295 z X3   88.644    4.232   99.000 31.1986 2.8011 13.0123 4.0276     0 0.96 
OBS: 57301.292 r X3   98.566    8.152   99.000 30.5664 2.4055 15.3055 3.9635     0 0.99 
OBS: 57302.140 z X3   73.106    3.011   99.000 31.1513 2.2785 10.5192 4.0221     0 0.97 
OBS: 57302.304 g X3   17.094    5.250   99.000 30.6727 3.9567 6.3387 3.7544 32768 1.01 
OBS: 57303.231 g X3   27.027    3.282   99.000 30.6844 3.1450 4.7265 3.6700     0 0.97 
OBS: 57305.292 r X3   76.301    4.878   99.000 31.7323 4.2178 14.2713 3.8499 65536 1.00 
OBS: 57305.308 i X3   97.865    4.413   99.000 31.5988 3.9618 11.6823 3.9580 65536 1.04 
OBS: 57311.120 r X3   50.227    2.448   99.000 31.7544 3.0440 10.2632 3.8850     0 0.98 
OBS: 57311.136 i X3   70.864    2.149   99.000 31.5992 2.0874 10.3538 4.0054     0 0.99 
OBS: 57311.160 z X3   57.225    2.195   99.000 31.2017 2.2833 7.9187 4.0347     0 0.97 
OBS: 57311.271 g X3   11.715    2.407   99.000 30.8421 2.5104 4.9767 3.7237     0 1.07 
OBS: 57315.220 g X3    7.109    3.181   99.000 30.7349 3.2239 4.9013 3.7087     0 1.01 
OBS: 57315.241 r X3   26.387    8.446   99.000 30.8991 3.4738 14.6083 4.0000 65536 1.12 
OBS: 57316.101 i X3   63.326    7.766   99.000 31.0780 3.2296 18.8980 4.1286     0 1.01 
OBS: 57317.099 z X3   45.247    2.962   99.000 31.1773 2.1220 12.1299 4.0533     0 1.02 
OBS: 57319.116 r X3   23.561    6.190   99.000 31.7366 3.4380 25.0580 4.0472     0 1.00 
OBS: 57319.290 g X3   32.761    9.159   99.000 30.8465 3.5580 14.4135 4.0772     0 1.02 
OBS: 57325.078 i X3   53.821   12.176   99.000 31.5779 2.3275 31.6421 4.1400 32768 0.91 
OBS: 57325.141 z X3   50.103    4.474   99.000 30.9884 1.8133 8.4233 3.9547 65536 1.02 
OBS: 57327.077 g X3    4.541    2.598   99.000 29.7006 2.6269 2.9598 2.8795 65536 1.00 
OBS: 57327.182 r X3   19.217    2.209   99.000 31.7718 1.7911 15.7744 4.0059     0 0.98 
OBS: 57329.071 i X3   40.245    2.970   99.000 31.5822 2.3802 13.5922 4.0383 65536 0.97 
OBS: 57329.115 z X3   41.862    3.692   99.000 31.1733 2.3554 12.8181 4.0552 32768 0.95 
OBS: 57331.067 g X3   -2.313    2.678   99.000 30.7966 2.8235 4.8594 3.7000     0 1.05 
OBS: 57331.145 r X3   16.985    2.069   99.000 31.7875 2.4731 11.3138 3.8730     0 1.00 
OBS: 57339.047 i X3   26.559    3.322   99.000 31.5802 2.8221 13.6675 4.0368     0 0.99 
OBS: 57339.072 z X3   28.939    3.592   99.000 31.2214 2.5977 12.3295 4.0374     0 0.96 
OBS: 57339.177 g X3   -0.385    2.542   99.000 30.8322 2.6470 4.8285 3.6938     0 1.02 
OBS: 57339.185 r X3   13.644    1.813   99.000 31.7629 2.1381 10.8500 3.8799     0 0.92 
OBS: 57345.135 i X3   24.901    2.802   99.000 31.6042 2.2809 13.8106 4.0520     0 0.99 
OBS: 57345.162 z X3   23.974    2.685   99.000 31.1963 2.0497 11.1288 4.0516     0 0.99 
OBS: 57346.038 g X3    3.319    4.848   99.000 30.7668 2.0802 11.3928 4.1000     0 1.01 
OBS: 57355.170 r X3    9.513    2.917   99.000 31.7575 1.8283 19.2355 4.0032     0 1.01 
OBS: 57356.033 z X3   22.581    2.222   99.000 31.2198 1.7785 11.1621 4.0437     0 0.99 
OBS: 57356.109 g X3    4.150    1.905   99.000 30.8322 1.7670 4.6809 3.6757     0 0.98 
OBS: 57365.065 r X3    9.142    1.272   99.000 31.7653 1.7098 9.5180 3.8667     0 1.08 
OBS: 57366.067 g X3    3.505    2.046   99.000 30.8305 2.0164 4.6919 3.6700     0 0.97 
OBS: 57366.076 z X3   15.730    2.577   99.000 31.1725 1.6909 12.8415 4.0416     0 0.98 
OBS: 57372.059 r X3    7.390    2.308   99.000 31.7173 2.2919 11.4617 3.8613     0 0.98 
OBS: 57372.077 i X3   15.017    2.503   99.000 31.5929 2.1172 12.7099 4.0006 65536 0.99 
OBS: 57373.065 g X3    4.925    2.620   99.000 30.8649 2.0692 6.8070 3.9561     0 1.09 
OBS: 57373.073 z X3   14.039    2.681   99.000 31.1969 1.7455 13.4205 4.0477 32768 1.01 
OBS: 57385.040 i X3    7.905    2.243   99.000 31.6160 2.1847 11.2075 4.0149     0 0.99 
OBS: 57386.056 g X3    0.921    2.146   99.000 30.8649 2.1947 4.7438 3.6833     0 1.05 
OBS: 57387.046 z X3    5.842    2.447   99.000 31.1315 1.8016 10.9489 4.0563     0 0.93 
OBS: 57387.091 r X3    7.156    1.355   99.000 31.7577 1.6294 10.2378 3.8932     0 0.96 
OBS: 57389.087 i X3    9.617    3.150   99.000 31.5942 2.7655 13.3356 4.0412     0 0.94 
OBS: 57394.071 g X3   -0.060    2.340   99.000 30.8385 2.4830 4.8382 3.7036     0 0.99 
OBS: 57394.080 r X3    8.015    1.773   99.000 31.7723 2.2566 10.4409 3.8800     0 1.00 
OBS: 57395.046 z X3    4.336    3.295   99.000 31.1139 2.4432 11.5716 4.0562     0 1.04 
OBS: 57396.073 i X3    6.834    2.480   99.000 31.5895 1.9859 13.9013 4.0601     0 0.93 
OBS: 57400.116 g X3    3.877    3.047   99.000 30.7066 2.5852 5.7001 3.8337     0 0.99 
OBS: 57401.044 r X3    4.780    1.728   99.000 31.7587 1.8998 11.5085 3.9114     0 0.98 
OBS: 57402.061 z X3    5.106    2.008   99.000 31.1329 1.4317 11.4254 4.0667     0 1.00 
OBS: 57403.073 i X3   11.205    3.099   99.000 31.6019 1.5717 17.6984 4.1400     0 0.93 
OBS: 57406.100 r X3   13.581    7.207   99.000 31.7334 2.4679 28.5103 4.0500     0 0.99 
OBS: 57408.041 g X3  -11.931    9.064   99.000 30.7858 2.0459 20.2200 4.1472     0 0.97 
